# log10pgen1mm
-5.96511408926893
-7.506307283781199
-5.293059530542279
-6.940131675804388
-12.810927089199176
-5.598076761155969
-7.908781497018317
-5.672187350764784
-9.868422056937403
-8.342037523933367
-7.5846495246971966
-6.721245001589899
-10.226860206768276
-9.077396168936602
-9.959794309970727
-6.6792949944268045
-4.7762383622960005
-4.0610334849887835
-6.8506920267269935
-6.688613025205771
-8.232951250145861
-6.816829222534784
-9.869924655678002
-5.637545801064521
-10.89551563420866
-7.695266926820268
-7.035913533995299
-14.976985282717227
-7.8822117830723455
-4.401693834781164
-9.609222803444693
-7.501029273279744
-6.227165485147009
-9.62184814550167
-9.700344157062338
-4.931143176537672
-7.984788379080247
-8.088977649379851
-7.113878562113953
-8.914633169702082
-10.408610016966907
-6.912512360924556
-10.321082651650917
-7.810571875921591
-5.202580231485749
-13.398932122242638
-7.918234365137762
-5.957206701908508
-6.629071909848318
-7.826876680430405
-6.170688503120726
-7.566980906116005
-7.900777155881862
-6.353165234588099
-7.610649026990349
-9.11773364124972
-7.531085472602242
-11.778376538313184
-6.325653095342892
-10.049595699860745
-7.901434181373738
-5.316813351970169
-6.587834314300956
-8.648903792098444
-12.280870161256914
-8.263201805156037
-6.276142056304742
-9.521452726456083
-9.123235761721665
-7.833564089636665
-14.121209984844617
-8.234104152989067
-9.603545757079072
-9.549502180191764
-7.707153778540889
-6.319493617637188
-13.74845217031269
-6.319577021587235
-4.6228503993689545
-7.487099127767843
-9.0855330991507
-6.9434234249171904
-13.019033138017699
-6.049767941540087
-6.701312657670813
-10.498726917510412
-17.353069286209585
-10.689674197872046
-6.903941008989836
-9.586237345554633
-10.585152882765481
-6.951934615784669
-6.679348058913735
-6.253116754008188
-6.288758328740475
-6.110516758317556
-6.1645383234554245
-13.751936813016492
-6.444148228116761
-9.631500536695278
-5.4557149061885495
-12.641177863069153
-5.632608861135114
-7.488509969903777
-10.047954405632636
-7.865946445978552
-4.564025633245861
-5.619855332047857
-6.796128185260921
-15.516148959015483
-5.743887555499206
-6.931431068480879
-9.057063123083033
-9.360698622070856
-6.3258565361614325
-4.393772809268478
-5.286203930851207
-6.4870602388224325
-4.9507896797242745
-10.188239779128486
-6.8600188909363675
-6.2065143585899145
-6.589497239342587
-8.215133075126198
-6.595769090125223
-7.307977715883488
-7.810040310855578
-12.42041852043369
-10.387185178261381
-6.62929991808627
-5.639603712070414
-15.115723366303909
-6.847927973999489
-10.716892622764716
-13.540804074768271
-8.529619802179274
-7.135637060397638
-8.234683965618952
-10.381464065982723
-9.80243339697533
-11.165044694079818
-8.020441817447836
-11.979744196134565
-7.96340909236524
-7.168652903680088
-10.89452583447353
-8.125538677529573
-6.619576104173693
-6.777351681482587
-6.415463418386561
-6.911308617573851
-9.507072723508093
-8.202593125511052
-6.218435574759302
-6.1073432738021385
-7.782095989490931
-5.127887343990124
-5.656689691049977
-10.030057551911547
-8.401184765015172
-11.835217151811166
-7.442755690981232
-10.38230240497021
-6.990971933718103
-9.430109373669994
-5.720597346675829
-9.91882347765756
-5.517209504373186
-5.356061531015052
-6.592808643839453
-9.091319243551032
-5.345733819153343
-8.041431556087863
-8.186391921751584
-9.737070614276286
-7.055177290060115
-10.754229370651128
-15.203302863218113
-10.541893522423424
-6.094782782965847
-8.802079510437308
-9.828820559953034
-7.868170779396891
-7.970408349882842
-5.661784976739526
-6.515736407122693
-6.054800318147409
-6.306444335440405
-9.342051130970166
-12.104241772641167
-7.403807104395909
-11.586938835398959
-6.597720451264901
-5.219987983056346
-6.9656300267296425
-9.531761216456129
-6.3925333517515
-13.134557239520385
-7.196470991350593
-5.990425275216194
-7.0129524232537275
-5.391911372428725
-7.009180609682906
-7.716629353656102
-4.84592309072899
-7.09281303922877
-8.080606211652695
-7.462208915357444
-6.718920801669438
-6.349239320064525
-5.660803484922384
-6.930952925876415
-12.309870765439927
-10.359501035504877
-11.309772286168633
-5.621562230666996
-8.990285620352573
-7.339299887556727
-7.8432036824235425
-9.6488279464539
-5.132307631412184
-11.189069067309086
-5.124988305013528
-8.767073495670314
-8.06121173188059
-9.368778418914662
-8.698723507002434
-13.229386632126511
-6.821965046207226
-8.445330550460543
-8.758727852468361
-9.069961067129267
-7.965796097050564
-6.616770923766147
-8.896490305581331
-16.664562649546667
-5.922151669367518
-10.393829338981122
-7.985612878541046
-14.274228110513594
-4.729363987491877
-6.534635173291863
-8.957275387755438
-9.523640245510656
-11.869623398665787
-5.413047229925064
-10.79813918924277
-7.575532659100133
-7.57539137811478
-8.546531821933963
-8.935753333440744
-21.710491510075528
-17.72950118181418
-8.886561797230666
-9.56745597643502
-5.845237455618497
-5.705062466247843
-9.400251584846677
-11.128123815136032
-10.774148598807642
-7.903236992743137
-7.891790052767704
-11.173104416751308
-8.55504344663414
-10.025331261976577
-6.213456589219358
-9.465375194876033
-6.938406686608472
-5.885391140654893
-4.80500262993088
-9.046248180029494
-13.248628177758059
-8.411066120401632
-6.646393201576814
-9.743429199007767
-10.982119798053253
-12.606013587056273
-7.521881685601385
-7.171304058736957
-5.474425197768125
-10.743257602415419
-7.242996588925384
-7.215436426093624
-9.670511925807283
-7.335342441203166
-11.041676260255603
-9.175336514074841
-8.54462834738744
-6.227352453911386
-6.598892634250864
-18.924471121231885
-5.229622063982494
-18.7848232936439
-7.244277735552926
-10.435253914465143
-6.698178129493131
-7.206601756777211
-11.18837885066522
-6.024686980304965
-5.843677968360278
-5.957569961965394
-8.5792368999895
-5.863663067163839
-9.100366978786587
-8.471256033348395
-6.501469735549416
-8.019463035876734
-9.37376033251711
-8.997328873773156
-5.929571494280579
-4.942074047648524
-7.840945441818805
-7.002176428107579
-4.730987740947114
-6.7794193119962145
-15.836998166120788
-10.012197626314869
-7.756608144385618
-16.544355607887926
-6.677550942243561
-5.267097097678701
-10.147943686683538
-7.149690988908227
-5.881978927570127
-10.703964648490269
-6.775840370011496
-11.988243348799028
-8.11924011049941
-9.195025163810929
-11.938859913829246
-8.81430744332247
-9.377392716519333
-9.95654409069286
-13.229388436113961
-16.939331113531622
-4.704804497905683
-10.844325480472534
-6.411042323332048
-6.913953370830762
-13.122929639380049
-7.289463763353713
-8.554028691647234
-11.82641952659694
-8.445625181946678
-11.350821625741915
-5.671344003016388
-6.206913250714244
-6.7842154962573025
-9.526096829687301
-7.23732817379407
-8.566788459911667
-9.098445959415793
-13.116601744227218
-7.336715808409446
-14.101506146732353
-5.77503763791908
-6.25754020178387
-8.20600195120524
-7.217390303155021
-13.876396432898227
-6.537517374476723
-7.246051061676716
-10.156937729503445
-11.00997384709613
-9.307791771436051
-7.131142235130574
-6.962084379366889
-8.797673016336276
-4.653455958685952
-13.6259165184625
-7.910504443597373
-8.536637554733176
-8.474593374334772
-9.225071465575152
-7.32022002829115
-7.5320159507299875
-9.416443837365193
-8.067202753726688
-8.27682101998081
-7.2820019083183105
-15.102501170356703
-14.098471093316164
-17.918130661486906
-9.423247582914856
-7.946360142736607
-9.317541612625284
-7.654757494829516
-6.773160758958112
-9.498571981167363
-6.453794438589099
-5.955569218524151
-13.877276716806612
-5.790583790786817
-5.985032981560021
-6.279242499975549
-5.70405433260981
-11.029007208249286
-7.211288811538004
-5.866579705020932
-18.169826381727546
-14.792170670306747
-6.769331669588763
-7.75879232788568
-8.34514444524445
-10.383648873805388
-9.707962325963102
-7.763796843994419
-5.878575269611627
-8.038644360219653
-10.175277600586362
-7.15090722365673
-6.78343526943627
-6.38811273758653
-4.726012834109649
-12.457795501205677
-5.729987605376649
-5.063954899974282
-9.535877847292392
-6.081469323927682
-8.40064931920966
-9.547704629331946
-10.345091250947826
-4.907815983667415
-12.455005092035456
-9.678943434140608
-7.915683788107455
-6.342653282272745
-16.62939699551514
-8.746014953147144
-8.29119264478297
-5.694958274792401
-12.177653217475473
-8.742833691833797
-10.48401296753912
-5.42465000338589
-6.763796926450807
-9.232382726956281
-6.987681700707259
-6.05165430948268
-11.806994606411395
-10.132440050316106
-7.042968380308865
-10.083737984941468
-6.587317415996436
-6.223672335824757
-13.51220218045671
-6.21838464967236
-11.669298462962495
-9.964080589013067
-5.808738051253706
-7.988450385886268
-7.742428726342259
-10.453675715147956
-10.68904494459534
-7.703690288592943
-6.315340719797963
-11.859214555249164
-7.955033499127521
-7.634502742663519
-11.92025137745538
-10.980293977473243
-8.277266729814016
-12.300454341716536
-12.104052582322193
-7.772740403707227
-8.800977683336203
-5.830089384415017
-8.759611122683944
-7.270985400354453
-6.633523708387381
-7.695655440427343
-5.864569811985027
-6.885089543424006
-8.51201272774288
-7.28334431465087
-7.574569729017748
-8.454322867725553
-10.065076181142274
-6.626270641329935
-12.869108821038509
-8.522258836779399
-6.302731966383496
-7.811551641270122
-5.891571596180919
-5.107804919555639
-4.524725642300508
-6.141328382175694
-8.431979075031142
-9.596551699401722
-5.885247233932263
-9.076339207554922
-10.131073604249002
-5.94283505866379
-6.7708014489308095
-5.755500110664009
-8.400731686746058
-6.130803834091881
-9.200443006109161
-9.486237929579053
-8.549718270774493
-5.602909162764519
-8.287210690903297
-8.311807272279172
-10.241270775020878
-8.652114911410424
-4.673661010817716
-7.046001530872938
-8.324469790879922
-4.6273185139426385
-9.281143606306133
-7.447238262760177
-5.995344166996909
-8.182369293019155
-6.4225714773355795
-9.125950825035801
-9.196766361882334
-10.513840896562725
-5.1497785583604445
-4.915223343750518
-7.36234939376751
-13.019637567689431
-11.038474118328113
-6.475528243594757
-7.874648114028966
-14.267193842294212
-7.967982407813075
-13.712506918285575
-7.234112898285777
-6.562331486133109
-5.951467261284083
-12.090453932058972
-6.4644479008356495
-10.11613096740796
-8.709991098038556
-5.832735352010299
-9.110001167755218
-6.291502061505847
-5.848670967879731
-5.400224175070837
-5.7859636616814445
-10.177199214980181
-5.1016119365409205
-6.796085245034185
-6.517193863870181
-11.305755391460604
-10.669698123692958
-12.14196374648377
-12.209650116270442
-5.836277653631494
-7.28958359486007
-7.161502754526014
-12.167904199844454
-15.258590051533703
-5.704273033258329
-7.2646108584044375
-10.20117756112729
-12.081175060727622
-7.703588687447753
-11.270335109534
-8.278143708413833
-8.799948468368624
-6.3369153643027145
-6.564403728041019
-10.900857856626763
-7.7739989432252115
-6.454644828132197
-7.864274672497102
-6.955532014757849
-9.81374080910641
-6.43022786801396
-5.653154502355022
-10.253854936716758
-8.32891651765278
-8.124616717517348
-5.563618527351189
-11.317958059765289
-6.880317607519879
-5.750603252801217
-10.329861795432862
-6.979584265239629
-6.771329865168242
-11.37889667996552
-9.243716928097097
-6.299969457303967
-8.118949540177347
-9.377643956215286
-6.976932991625035
-5.885579061585346
-13.511033394736522
-5.554839390712358
-6.7552852369804075
-7.498061665855497
-9.892766111237085
-9.537815325860741
-8.458810658126016
-8.266309495341483
-7.173269723418287
-9.326290367582788
-14.044144332650141
-5.648400204893506
-9.762546031765334
-7.627998294520395
-8.42248378466308
-7.731686284623181
-8.178322205542255
-9.988252595648122
-7.908228437056776
-7.906837897788917
-7.177938789901495
-7.697371065122643
-6.8854482828884604
-6.192970818496062
-7.919536638116983
-9.050273003748146
-10.681400795176287
-7.212065177104388
-5.454586156045708
-5.646290029740042
-8.104851535543077
-8.951290220828866
-8.00975280011319
-5.8768799946716666
-11.142687377145378
-6.982631228641627
-7.774256467660491
-7.197056614347245
-7.171049805687087
-11.97641103169005
-8.614671011218883
-8.631814317264542
-4.410492737580231
-9.500695786779165
-9.2735254276012
-7.206435149646213
-8.306060747790783
-7.488274346831554
-5.0866479236880595
-8.186831732417303
-6.031951616707108
-7.753138226524205
-8.835661753805736
-6.2342000481048485
-4.677009658661371
-11.673710117637116
-9.1053435686585
-9.221343057209731
-7.719656665904605
-8.949539432362574
-6.225417836485405
-5.761267943372617
-5.627625354295313
-6.343284606102193
-8.363454948626718
-6.6559836227191305
-10.126393975881276
-6.264558657160265
-8.491141198837784
-5.558068769679492
-8.51318712026657
-9.850226852361985
-7.003131784618759
-5.394351069254745
-5.15653346012727
-9.84170359968563
-6.55091852330385
-6.859482159551012
-5.346655381974316
-7.005090548843272
-11.090736224301171
-8.895670009520051
-6.183121357768702
-7.359157282465867
-8.870436127220788
-6.129976133882655
-7.943485423736358
-10.74107560906364
-10.064217874447738
-9.930707025618462
-5.774282597501404
-10.289285382682955
-19.190426292330432
-4.765972138096425
-7.689180237171902
-6.952897716806335
-6.710628538485611
-8.846425391183276
-6.689349626167833
-8.974769835864771
-7.388232157980941
-7.3358186991889625
-9.219275863318611
-5.393409259320805
-9.283391398616475
-13.392653986085548
-6.100281446271976
-10.434666141753935
-5.816994120520337
-7.897640342694428
-12.089992438903172
-8.959160780495225
-10.47694371710481
-10.514562448652953
-7.6267689395247285
-7.526397335747959
-7.646638691743079
-9.211257105148919
-7.35089111105247
-12.818430482286326
-6.778737008443859
-5.512006760323787
-8.62778785660075
-11.271620497584655
-5.238521316991046
-6.558743118386784
-6.451030436481485
-6.087933137008134
-6.491216839128415
-9.653549034399536
-11.041755285655181
-5.446603410507147
-18.813218990903625
-5.240599008706858
-8.945337218417464
-12.40410358184317
-7.930170402608239
-13.809549813204551
-5.503746554657866
-8.469314670113231
-12.958983444106268
-8.05427934216943
-11.446263452983217
-5.466597018441226
-13.585856828897326
-7.258971074305542
-11.18291613142865
-5.492938248411951
-10.51140716382989
-6.453639909851338
-7.435914594286418
-9.16073119468148
-9.860889219508653
-8.34936267844485
-6.564812666580689
-5.903128573898887
-9.872038713134147
-5.528062444731753
-8.7166628699984
-5.811327145447066
-5.161909151129485
-9.680234223908714
-6.730773052764381
-9.566549989045905
-7.617327585388107
-7.670085203528887
-6.8267511294008
-6.290270202405417
-5.286296812555965
-8.497513254637257
-9.85029367715142
-5.401592535824705
-7.358392910485926
-6.797821682339095
-11.31740016068636
-9.652800678081173
-10.82838473206328
-7.482610968381529
-8.81777016336408
-6.849209658459287
-8.39847589997375
-11.382407270468164
-11.183906405672813
-7.22198790488387
-13.298838607660059
-6.334766043315403
-11.88667885314218
-11.206115159605151
-5.198834613186704
-6.185079259620132
-5.871885417180334
-5.48334822579269
-8.309724533591405
-10.139422188075379
-19.035944880414053
-7.343370661421011
-5.946063103119834
-5.29952162351488
-10.464823279544456
-7.453369222169252
-9.071510097295763
-6.336747538785645
-14.068151011750995
-9.79001674522838
-6.179848678067726
-9.903654323816138
-10.01856820762794
-13.817516024065588
-5.0995428712354824
-6.14471472984781
-9.854526749570018
-7.698830031317157
-6.501922431041799
-11.910004815898013
-5.890699824568218
-5.354460124083887
-12.16949804789222
-4.805498564968231
-5.763794170898076
-8.389671938573985
-6.369941322755093
-8.950105766988303
-16.41417712592768
-10.285332558653032
-9.170712219241015
-7.110061663894612
-5.717106065041221
-11.510192153800787
-8.45268582547189
-7.55701026766063
-5.366617780731369
-4.6279921260738055
-12.771224568854162
-9.076197221909899
-11.674679698048143
-4.724013881910429
-6.487854696465983
-7.959053886827834
-11.808774397088124
-7.98944012819147
-6.960117636475931
-6.7431113922993395
-12.206131068490288
-6.173293574137826
-7.126852932826418
-9.98119592793231
-7.465483282417043
-8.780274094504316
-6.855346565701587
-7.022534641558928
-8.497991189836895
-12.884866103614852
-10.157587585271129
-9.64027409384923
-7.156064372233496
-8.359859515995753
-7.670493607011135
-7.604620640348777
-6.717794141393277
-14.605480085703247
-6.3390320631674655
-12.266284856370223
-5.735850785794118
-5.196798729829768
-9.3861465564038
-5.389138510986428
-9.945683434944605
-4.609514300679216
-6.0094138573032225
-7.6529628770855025
-10.618155345113767
-9.21788366022407
-9.596121368602887
-5.541706304191302
-5.8743580553445165
-4.802847346575171
-7.550527596870567
-5.581069395343589
-6.787000712786502
-13.24973559318981
-7.041851765782461
-9.087804350906527
-8.919455206253913
-7.734092896632942
-6.483747771547563
-8.853564087324251
-6.037469540223225
-9.619280917583296
-7.6717447538728605
-9.068400731747394
-8.503470214716316
-7.917538433538211
-4.837260241473878
-8.734367317745978
-4.6501964719056375
-6.362844622691287
-11.591448838077733
-6.798396753082593
-6.744362845397887
-7.477411179080735
-10.425845824563458
-7.404239068946806
-7.711987684720094
-12.550849449589291
-8.12596482472308
-7.26940488351723
-7.3495560795063355
-7.261799876928527
-7.454114345196966
-8.85425020567159
-9.276684923780156
-7.438936823204437
-10.313279259630727
-8.416903307036762
-5.248139810705472
-8.74760926758025
-7.077778986516643
-6.434913079264109
-5.734359804099813
-5.47355453346456
-6.415173319564023
-9.135623994814658
-6.7365002620602
-10.415599945563029
-9.208735786728196
-7.560180519280925
-7.199380428246928
-6.391842072595759
-7.686006491204638
-8.374882994676033
-9.518035905146258
-4.728062186894013
-13.778741239850042
-6.4777754722470435
-5.81469342306542
-5.222976047995495
-5.611639567787446
-15.38202265654097
-6.08991090624161
-6.916049241191877
-9.838316627506902
-6.7717690842858245
-13.704554353538366
-11.03002055381867
-7.601448806634042
-5.775182152413289
-6.011453213399921
-5.439332778847188
-7.614391796694753
-7.609782480962111
-14.309516043872948
-5.366122453828787
-10.876103108638162
-8.636860177768254
-8.531512676867132
-7.472167245709859
-11.663629291632965
-6.25200794261439
-8.809506092313981
-11.377425970796521
-9.968847331839621
-9.197511157991345
-6.6034702872330096
-7.032436546710852
-6.308890480723873
-8.080457332558877
-10.52344194090137
-10.38404629088656
-5.568822595381374
-6.952507325824651
-7.8880142078970215
-11.246883638640423
-7.537060918428623
-6.820764386602909
-5.043852041048911
-8.672829442201502
-9.998848275409939
-5.119010074382558
-8.57170486241688
-7.917307252053551
-10.95099769826056
-12.866741114961329
-5.426773837512671
-9.012383342732647
-4.769230798262813
-7.894037157875502
-4.495204057574463
-7.38014894798074
-7.444968291082118
-9.293887197083114
-13.263197209390267
-9.025911141621497
-5.12318024879036
-8.028966592430253
-13.814469390094104
-7.530635200349561
-5.0804020194835715
-6.375573558175956
-6.742984836364925
-6.553777533893556
-7.40916639144745
-14.135585306779683
-8.66083885289237
-6.943174609302432
-5.399366327764882
-5.487933647914089
-5.576927779772756
-7.915879402409605
-5.5648537991730835
-6.102750751341719
-10.400102734043978
-6.065975022014413
