# log10pgen
-6.610135572247495
-8.390248909889781
-10.957494730853254
-9.993136152310178
-12.421182044820913
-7.62844056495315
-10.476987842484705
-10.952397917346156
-8.383522186780516
-7.859639254863365
-7.846723283154439
-6.9659513909077235
-7.084809218884674
-10.048181653677588
-10.38561532258484
-20.84562312036854
-7.357838037467231
-7.304856253645978
-8.144018008902346
-8.158191501205776
-10.930561947905984
-7.586669592870459
-9.12580749414382
-8.219948080852538
-6.353807559370203
-9.31925436548673
-10.007375511907622
-8.996324490582655
-7.19189355671145
-12.299797722695146
-12.22690016554073
-9.002839303471225
-7.3917046830920325
-6.759305822212389
-9.587887746687533
-8.479166701563443
-7.692242965032214
-8.555198350568238
-15.023030385205072
-6.667945716006553
-8.761190176702911
-7.282864623207464
-8.721290222484413
-13.630646294423764
-7.1930540008453345
-9.963556396098307
-7.859012226012108
-7.853737859175357
-9.398358848675542
-10.942120787946415
-11.87562691518453
-11.851010250489903
-7.264985686343744
-7.293898068601179
-9.658551581791334
-8.387274720592842
-7.691881334983732
-6.678977375707144
-8.397353891923618
-7.150937228675134
-9.063181437894128
-8.781510580343253
-8.244249867058384
-9.327566473435544
-9.035367007843504
-9.54100489509663
-8.028345409064702
-8.362774862425242
-7.727821696545094
-5.570040240898605
-7.52653428491184
-9.955490407758726
-15.225940054726287
-7.547502135046142
-8.40981334551829
-8.946777911451171
-9.408580568042389
-8.430657439800695
-6.266547685797105
-7.59437782060921
-13.360943398537003
-8.233270000087092
-8.076791970690197
-8.019667803921855
-11.715205859883598
-9.357478983501206
-11.934446587283041
-6.996187954517546
-8.238469628204033
-8.052966170817035
-9.534647899739495
-7.973694412569112
-7.643653208089975
-5.569838267076556
-7.046681063555271
-8.032454710332026
-8.390341984108064
-10.065564276520384
-8.356786734852594
-8.298559082439045
-7.44392995427643
-7.947888871400673
-10.845011408302632
-7.373661102634345
-10.178473268846705
-9.067931482145482
-7.8768119501417
-8.872230913575095
-9.87891393380144
-7.816420805685929
-6.443903921843876
-9.712040253955232
-10.232073795166986
-7.354479825043745
-8.275481254464772
-9.728848585160419
-9.87992126882972
-8.155103893611663
-10.052906506417608
-13.59495654204117
-8.61078885893251
-7.632687736105795
-6.698855256173077
-7.721684092914764
-8.047292064437402
-6.562419176043635
-11.159893378560993
-9.188555658085983
-8.268574266667738
-12.402079338274078
-10.479015274623242
-6.460183421658876
-9.592892332787352
-10.025213923152721
-8.246671326848357
-7.089538170684932
-7.20963853337255
-7.249608747604189
-8.15046682926046
-11.456458514880694
-9.919631310020334
-8.740378918006806
-6.790684054543845
-7.054149850671442
-8.424322936054892
-8.019620671609008
-8.254085721231647
-8.344641916227195
-8.232930846494067
-7.987366981283385
-11.777141664470696
-8.607144871547652
-7.650751773295968
-8.713922897974093
-6.513410684458504
-8.269488948220252
-6.06737349342126
-7.375444823361479
-6.5753059236254385
-7.814760167990306
-10.27955874604723
-8.447578614277887
-9.801174804378224
-6.835315225914069
-7.117179996558274
-9.70053096280429
-8.093757884277668
-15.790426867049682
-9.450588113965754
-6.384618733783391
-7.402420425693366
-9.52559391348112
-8.669777029069449
-7.050889920006108
-6.517984748445611
-8.911136628941987
-8.874726764559679
-7.696804844400001
-9.214345303763443
-7.683216466658746
-10.869192225319932
-7.7640232208293405
-7.921157869136425
-7.517155830464477
-7.954980365783912
-7.343384721580847
-7.473227694965904
-11.939767139153181
-6.41990871870992
-8.915670458222603
-10.11952479827131
-7.272863662046382
-7.7306790508787495
-9.29689522833015
-7.490153807242204
-8.843833458739178
-8.166313710673505
-7.394401690569589
-7.609680578265402
-8.071181009826047
-7.536971252343202
-9.354592857994295
-7.120377660967938
-10.578503980561672
-17.387764226607167
-8.00026219447864
-8.447404506133877
-7.3927908112297755
-8.246771070294725
-7.925978051547228
-11.531528471946272
-8.843884179444226
-12.254843359905804
-7.315454083658688
-19.36269135253858
-6.8113998226570915
-8.269571009175575
-7.959631398052592
-18.637302719622515
-7.705726019836279
-6.980713015793871
-8.879794432719068
-8.951029071802745
-7.334643932733397
-8.501308855849295
-7.665021085429912
-6.579309339715317
-10.858582871953192
-7.81660004973434
-10.75737246065454
-8.134551069344226
-10.509214240931684
-9.273542132710524
-8.731227367684749
-7.54192789334432
-12.311753021804773
-7.757204592631254
-8.007363354531122
-8.14590170403914
-6.160746484705273
-7.625642940019695
-13.26265316681963
-6.952104362115883
-8.809121248346168
-8.819436709235864
-8.870796064863386
-8.367277315791563
-8.333617533601526
-9.750561634578682
-12.66129219756593
-7.4431827435622715
-9.064042342690717
-8.246147365782353
-7.612465546875343
-8.639862345077548
-9.50794310678138
-6.783903162981943
-7.295398421836118
-8.487213752952119
-6.972454276460709
-9.474687277395285
-9.28439582487344
-8.39692304228583
-6.878326752107712
-7.711295440446874
-7.166002551678332
-9.635041215290753
-6.780819958555544
-10.620686441126434
-8.739488205071767
-6.8081185384467675
-9.279822584727036
-9.337906713710947
-9.137157650166365
-7.691719754481907
-8.303112356708231
-7.913543836004101
-6.912529195215631
-8.167268909802484
-5.985031876960587
-7.103537576197687
-6.403810768837538
-8.271368047173453
-8.089316660796095
-8.9522395044173
-7.230487565522629
-11.183891976932653
-9.043750205389992
-8.31701130469168
-9.605484545050091
-12.019775783540652
-6.894008682437596
-7.312240252290418
-6.17128898943103
-8.460996783462402
-8.348548426632625
-7.846312493706024
-8.911137056384673
-9.764938758362687
-8.198962257505205
-19.338321851327038
-10.169507373852332
-10.845608798298368
-12.016788428131516
-9.446356248401043
-7.175725516925439
-8.162917744984123
-9.565964786650445
-7.161486166685474
-7.548961977442575
-8.87526120275209
-6.818370220341494
-8.688703990151518
-15.981817155662748
-8.175468129524095
-7.5360724315953
-8.091279542849934
-7.757175202685293
-9.04521500555715
-6.820254198340107
-7.950781344305876
-11.152043763929587
-8.759106092394081
-7.490878490529061
-6.929943968101419
-8.05510312801017
-7.619190194700485
-9.29854322494079
-10.343453594033456
-6.409937548081115
-8.68091960115359
-8.960522706704324
-8.843350174872038
-8.725415353856969
-7.342115787951889
-9.244850507678539
-14.8658659208718
-12.99395836685164
-10.989630414541082
-10.331202048749878
-8.292322462585007
-7.177742483281298
-9.52939359219946
-8.4937174181603
-8.819558150410497
-6.818087351013577
-9.081422243784365
-9.004404444431406
-7.251992711044931
-14.744184905040468
-8.180016161699257
-8.970212461424335
-10.552630521603135
-7.71266177581707
-8.81418980788327
-8.389226249824842
-7.776683532698143
-10.127125389752022
-9.66519256776409
-6.84287345742124
-10.226014318041555
-10.940098350625895
-7.367423496373898
-8.256371668097362
-8.301443624122035
-12.125178114687966
-6.440179883699102
-8.716663038656854
-7.885008716810181
-6.603169316368283
-8.641822211090275
-7.6268002976396065
-7.193588353310167
-8.705905248460013
-10.171721799907138
-10.329724423807091
-11.882610938724138
-7.142940969269603
-7.564590518262904
-10.440948205707294
-7.530554791789361
-10.938901333873948
-9.394762201744497
-9.941015852514726
-6.689297600447386
-7.553919009165279
-7.911835263787564
-10.613012677305486
-10.595879612530377
-7.035655979491677
-7.139519991632243
-7.788843243481287
-9.288394242677494
-7.329822416393947
-9.265466345774804
-9.712345648797124
-7.080494235344032
-7.762157324634399
-9.598166924449014
-8.547354333764137
-6.289538001554898
-6.342976538740239
-12.777615410772766
-8.337267397111896
-8.286168773647729
-9.028153372106534
-9.543048000078477
-8.77293310880827
-7.940514389906866
-8.65780952853094
-6.677075212516497
-8.223139372867596
-8.023809844044822
-11.376662800819796
-7.6605576769827906
-9.02131094608339
-8.260869783988511
-9.739989082550645
-7.642005008534263
-13.252404381952424
-10.931154208208772
-7.857891441977109
-9.987412636595904
-7.092918690470233
-8.709052601217776
-8.837591796911644
-8.032915754210656
-7.864696499428749
-6.910972534095836
-9.334576271332933
-7.737250398411819
-7.762042425799471
-9.286255200124748
-8.008423647714716
-8.980467809302999
-9.116152337986692
-7.345166221467122
-12.7772546709287
-10.455889240457928
-8.114770585953963
-9.566008090898654
-7.1262749079332455
-8.484879709948887
-8.35321265273085
-8.973269434541452
-7.7966586188305635
-5.552006733043193
-8.609926056620456
-7.801649290863656
-9.906492338277339
-8.279765474316216
-6.649464523716335
-7.235059256563558
-10.172232242793745
-8.154945014381434
-10.53929281594201
-8.80111843249724
-8.071211308382368
-15.706846621111376
-8.075541223354364
-8.583547798407539
-6.537803653719916
-6.437417750724422
-8.341219092215969
-8.148121785407486
-7.841579973873661
-14.036824751156672
-5.980306303791872
-7.2038221133099665
-8.402480480970828
-8.41513168155449
-9.808832873676254
-9.039177560995514
-7.61588626964104
-7.587027619124796
-8.029160993410288
-7.866834089553108
-9.534499308956567
-16.855990568478962
-7.444318560521441
-12.746945182020454
-8.51379555121875
-6.860428248900901
-8.9930909322399
-9.462868671207726
-11.3996805554347
-9.35903085929245
-9.211377882823653
-7.978588866949466
-8.077941233939699
-12.023390068265984
-8.270539898411819
-8.27277568482524
-7.170098135359707
-8.410296485301936
-7.014242634918008
-8.255710621474238
-8.169737095130401
-6.867606700182545
-7.679130541344379
-8.92131287926176
-6.753480664698344
-7.760375632929736
-8.0480386018052
-7.413287679530898
-7.388672095276377
-7.569394703190854
-8.823296523923
-7.968371766625657
-9.155112986275379
-8.53975881154846
-12.385614010527874
-9.478210306175841
-10.420525020115969
-10.636175950264168
-8.708811986703301
-8.106415259359624
-17.073943550958546
-9.795055123123014
-10.00086602376494
-8.353851862188307
-6.930308397301977
-11.439972412033729
-7.712245899646437
-8.694526147747684
-9.138198046635402
-8.654329774678983
-9.2013552206904
-9.183171037248002
-8.421366958867278
-8.937807328398751
-6.810852250833109
-14.669721886354516
-10.302148736243394
-7.414934208355634
-7.816824109183565
-7.836937052077127
-7.796512624937565
-8.4209428855639
-8.17968308171664
-10.004763662020114
-11.748672170913789
-8.130456197609005
-9.37352400446375
-9.570070511088735
-8.747400200093411
-9.431191185172676
-7.857896650409318
-8.512650693890574
-7.739012299379744
-13.136556313070443
-8.401779711871411
-8.492149598494192
-7.042114899700315
-7.947940275249641
-8.659745190287804
-8.349694222073454
-8.811729529464655
-9.88605353409921
-11.940838391241096
-8.277413880313793
-11.300725181173677
-8.63479756350596
-8.20076202284376
-8.896486470122861
-9.046975113172603
-7.077500874776604
-11.51307108127321
-9.570126768815024
-10.483252799726756
-6.507711695480172
-8.098942389399594
-5.8482469579077705
-6.662758900551766
-8.699684157438508
-6.915523622544469
-7.894842214354887
-7.983147388611561
-11.413462605679394
-9.823006576282827
-8.068803722773747
-7.314643951734163
-7.577938447676305
-7.418450111873483
-14.298867433368663
-12.695624712394581
-9.125167889472763
-10.109271360171443
-8.283585051317313
-6.53113991211248
-8.015448482886194
-9.485286325127618
-9.164482299982112
-7.41367336113823
-8.794473103453905
-11.657094082950845
-7.729415654526356
-13.512833984360416
-7.742396948300727
-9.910376798955198
-7.092333154285877
-9.068450195941415
-7.005023691818938
-8.292422848079083
-6.643064254427611
-7.1384245889964095
-18.511442489042278
-6.451933581956222
-8.13242862895156
-6.8535801262649345
-8.951878738017209
-7.062224558468739
-8.744944279650511
-7.2931524501517195
-12.879936702788324
-8.81563086059609
-12.111396848518861
-11.613436573029139
-8.6976161667965
-10.973694338616262
-12.787038161400872
-8.231068665609438
-6.960647702545757
-8.316997380364741
-7.337703450604561
-9.106905865063514
-10.021481577545181
-9.112138794838138
-7.430069351104035
-7.828548721164005
-6.679285147434799
-8.995569687445919
-7.2922384470906065
-7.4606629651055165
-10.024668396972011
-10.437566007254715
-8.293700702821566
-9.924252723789772
-9.832042293535114
-15.464812552189384
-8.220997812049434
-6.731216988945305
-8.269637809617826
-7.995269673859199
-6.9227625249204126
-8.771946441368819
-17.84812937498171
-8.840739394049375
-7.615588677665043
-12.505606412334565
-5.528297816940606
-5.849171281214387
-10.357682958133886
-9.026217384253346
-16.434847708585902
-7.046648201475271
-7.255672658080577
-6.504507183408336
-8.027633704064886
-6.870203836418184
-7.665786444582069
-9.836806243080995
-12.764564993069099
-11.534568747269736
-7.577744035371248
-8.875525070921283
-7.70469316091121
-7.218915149684719
-15.14339141068387
-9.027634365845847
-8.159712180304652
-7.767005429661532
-7.881847643832407
-7.862479457415524
-8.056084608224413
-7.82350749321216
-8.402198941096705
-7.253267921755797
-8.570946358909808
-9.017726912162416
-6.425916897711596
-7.5970206450049105
-6.941004932406599
-8.484452967528375
-10.806228015780508
-8.480849473403804
-6.685114412141083
-8.501210441195878
-7.859241228205864
-11.96974944060529
-12.29074788678901
-8.103598208626074
-8.157430062280428
-9.716184482555008
-9.880375556206097
-8.053729156859614
-7.988248610822865
-9.114439334380043
-11.963576398250984
-6.026513861782754
-9.275231271307893
-8.229135670758415
-8.424679015033291
-8.118423500380263
-6.940649980833602
-8.175396808511456
-7.964978757051432
-7.25727581710966
-7.181742543388123
-13.732174915622101
-7.75624405865262
-8.849130626440287
-7.078287872575442
-6.451888550956312
-7.065489750989556
-8.16639815845893
-8.148970499938706
-6.8178329098657775
-6.545188070142691
-8.742943017252449
-7.553264866011378
-7.331769093908847
-7.643868046704512
-8.391475978073755
-7.1676664323838075
-9.182713204369382
-9.062748391033807
-8.566068487944385
-8.41339539633745
-8.644175947121626
-7.674353552292767
-8.32249880343171
-6.4112809431715805
-7.355166114838587
-10.461821277154161
-9.74207821778487
-6.835611553009785
-9.618083638359527
-9.220299211035021
-7.676877151222157
-7.062742359604201
-9.04522188547046
-8.11559606641221
-7.809476652415986
-7.846738494552847
-8.480244059156163
-7.149206987678583
-8.032511133201528
-10.252616575751663
-8.882449696144082
-7.213558925959813
-9.362214054572586
-7.245051940262819
-8.43480932891918
-7.902061816641228
-8.924394232905167
-10.658063259229236
-7.354179046142539
-11.437819982600764
-11.308438716249135
-7.157977618975409
-11.451603518792135
-6.8573734325570905
-6.278619660027635
-6.648309443753884
-9.975447442519897
-8.644448741738454
-10.300248566448142
-8.038918925004468
-9.533190297850126
-7.976868574474067
-9.869122764064278
-8.460566644660785
-8.34539439380593
-7.959349677857797
-6.796771799196818
-9.320560306887408
-6.736321182538996
-9.25857740540296
-7.002930419181502
-8.235865376810025
-7.333005025982191
-7.319040087434507
-8.84007998671682
-6.721517751420315
-8.461652321893927
-10.001062651770077
-7.772377636804614
-7.63035550501934
-7.900655516398541
-9.051864463750272
-8.841424350704894
-7.408204538004112
-7.683483546012121
-9.481170891544535
-6.882347897807711
-7.9208848732072195
-9.920646468587448
-9.31579147077221
-7.086150655175689
-9.337167057531476
-7.71292096334434
-6.014273518486734
-11.64461568096741
-8.144484892984304
-10.746326621411699
-9.596445182650898
-8.413927933056433
-8.211709667799457
-7.796743344849862
-6.848588865618932
-8.612474828384505
-8.316820116082129
-10.374694923375092
-9.81157861645216
-9.00323704691539
-7.155408300373804
-10.196985522725507
-7.493967190412593
-8.00888308048232
-7.599465921818938
-11.381026881077327
-9.282176832228336
-8.953336729674854
-7.59905086249264
-8.227112960289922
-7.036563810878364
-7.312167223820153
-7.402954461654354
-8.916411876109324
-7.207236208254448
-7.941465718616018
-9.081237641260758
-7.5732363839922145
-8.625691731340815
-7.758465515896011
-9.672319507734118
-7.512003735267348
-7.68566131479673
-8.637042002694908
-8.51646481132781
-7.756828056167512
-8.729431724910208
-17.332462373667468
-7.651421735485208
-9.067545002843367
-6.991882654354928
-7.561518558315818
-7.595365012075889
-8.73772486199377
-7.887869413327305
-7.908541004377553
-8.628222788846356
-7.828737546841257
-8.01475005408919
-7.724554755261077
-6.258127387361601
-7.601300221989112
-7.763514838070772
-6.731279818779207
-4.980492936571199
-6.63017601634132
-6.373372702845242
-8.609168362014152
-7.88071621109872
-6.34004871928151
-7.670606936016277
-10.99888318426038
-12.568129443473323
-7.235593427463916
-7.425609954929795
-10.155253735249753
-7.448480373321333
-7.4804828765207825
-8.97021604261573
-7.528266744513609
-7.698107189267411
-7.073370595840423
-8.26165933204008
-8.20760878264755
-9.542997346487883
-7.862748539169532
-10.167145373044391
-8.645034050511722
-6.874514113460205
-7.310395181603067
-7.062697251618127
-7.736853545157851
-8.486457996584434
-7.416219030577097
-8.413560146177797
-8.322938394378752
-8.77955608496366
-11.891932936503922
-7.761461503889539
-10.347500340187741
-8.815998245428782
-8.017218531771439
-6.677770110565363
-8.035607412476818
-12.182300389880705
-8.03041973940656
-8.653142409140882
-8.1369347778135
-7.23691065200796
-6.622319483774404
-11.971248182285954
-7.923823617244887
-7.615622667590636
-6.9614362745841465
-10.523025670090126
-6.914561348067317
-7.278445919707875
-7.1790867046940035
-7.990421958275023
-7.247460568299057
-6.98074523517703
-8.889963644118426
-7.723757819642351
-7.159830282775565
-9.69106027634164
-8.674662810352812
-6.109613869278335
-8.481071218337908
-7.74894558407947
-12.178002527345079
-7.540443198863075
-7.914727287491881
-8.553213220203073
-8.89743813824001
-12.341641824102
-8.376625850007073
-8.294098647513568
-7.834210168725067
