# log10pgen1mm
-11.220104184267443
-6.413043124790946
-8.017427449717612
-7.280815917745821
-6.964842480934066
-7.186248110409504
-6.728930362002089
-6.524876700125359
-7.594948261567731
-6.324707891507868
-10.720368654392018
-5.229780717963363
-7.47674387685619
-5.821872138243767
-6.134493953461952
-7.193815992718483
-6.740719231726839
-7.329111119699035
-12.348909140704764
-9.659309720779028
-7.577997806028925
-10.073381509610794
-10.117097473136129
-7.2633923011621295
-4.998128852141032
-5.852415679630453
-10.291257800580427
-8.894851908791948
-8.263929712262822
-5.829912150042191
-8.732344860607187
-9.035985508366261
-8.58149072437104
-8.815305751578602
-6.173614280708358
-4.862599943708194
-5.251269531246707
-9.27617627008429
-5.957254006298711
-7.601205303529347
-9.73544346892091
-8.356325515486077
-6.722899550030444
-8.584838914156023
-12.296604349712137
-7.143558074614729
-8.138502209313002
-8.891767666867503
-9.677106364999998
-6.59675201202168
-7.70954066723041
-7.338325896455993
-6.7692797890557195
-7.011051677460725
-9.74814799461981
-7.002216344678621
-11.706441685650589
-10.435927922277871
-7.032330320888317
-8.481101685869744
-8.957086365753819
-6.859290209034928
-5.752372276071837
-7.4243044635370765
-7.991159407273852
-8.673035527976612
-6.628645321156474
-8.992390948594034
-6.972218222343342
-10.666100499246765
-9.143563403688672
-10.712433614363599
-4.973221011070019
-5.532426829006448
-8.585485494829586
-5.411319341772535
-6.503262427636448
-5.98449991527613
-6.1631648083770125
-5.870703766428689
-5.431967634654711
-8.649339462567106
-8.28627531307417
-5.3349096766253155
-7.513264831378946
-6.042982557141035
-5.674137803597147
-4.8954638315127905
-7.682639641732829
-5.436641081310914
-9.701025582959119
-5.231301148508993
-8.889994985694843
-5.396434977990503
-4.720600214566465
-4.791807381928563
-5.871831925111059
-5.535355612270535
-6.592500689362724
-5.7482630729577275
-6.321586861441992
-5.87934093449044
-4.611345727911174
-5.194240570806296
-6.206035651011343
-7.710432201612359
-6.077662909843156
-5.000175059161128
-4.878597385180193
-7.116745020280698
-9.431411456730574
-6.16549253099981
-5.205468968890722
-6.175524342538367
-4.830850863157535
-6.21711647725355
-6.121836577275854
-5.0919900615494464
-6.278922725318916
-11.0673018918852
-4.891357818321312
-5.218765763274218
-4.729363987491877
-5.33767877236852
-5.858186819583659
-4.7599408830985634
-5.218226300213977
-6.189957520383467
-5.0077635790277695
-5.09896194586473
-5.8154267849816765
-5.816278172821248
-5.611559272098366
-5.988970621879308
-5.108349363011463
-5.418840759950111
-8.588791275619785
-6.00308526716221
-6.7844675931375065
-5.159433902545604
-6.6316018367736795
-4.848676614439109
-8.885521726375055
-5.279802057948168
-6.291066656088137
-7.784724694431697
-6.679926516031204
-7.227378341445483
-5.968189070080882
-5.650037778538173
-4.712308151032698
-5.604252046557991
-5.176700906174534
-5.69522708159389
-7.155148638156871
-7.206511658153129
-7.510183513396874
-6.483507741416906
-5.096730462389097
-6.456044636003174
-7.061681528630838
-6.424589756316354
-4.9457582757757415
-6.702700164805159
-9.297847408838676
-4.852423659673797
-11.4827605078148
-5.600540864938342
-8.450500776027658
-6.46158622677343
-5.740738467164535
-6.321125629593111
-7.0153301990297185
-4.761388466650112
-9.630793329536724
-8.193572811659404
-7.916007156524389
-5.63704826889718
-6.616176126171396
-7.882729178553404
-6.565288808027679
-6.662253407704339
-5.9499196530175045
-7.586742881088965
-8.239954957913795
-7.869623445709101
-7.1837098876417445
-9.043171958629078
-9.839948339304334
-6.633586507410006
-7.894973758943092
-9.506939617476096
-6.550704354450168
-6.84422932628556
-10.111479230758292
-6.05106724493444
-5.304897905447579
-7.066191332854909
-7.132908542182918
-7.8229664471481595
-7.408306387024426
-10.137131984678952
-7.806738603686662
-6.418153926996966
-9.59709776127309
-6.637823703289014
-7.283863166044226
-8.682178993770991
-9.398427177740079
-8.54489903158365
-7.931853096926512
-5.7215585197238505
-7.5903062162685515
-8.200563487333667
-5.430487060873356
-6.39984787639263
-7.1650933924492115
-5.493254190734061
-6.839103282579786
-5.8827807695492895
-7.355989697018298
-5.677274701477011
-8.266360934243954
-8.96654409416326
-6.005880789596683
-7.284802616666199
-8.869205577886529
-6.266105202365067
-8.017757583815046
-9.686615753310882
-5.572215119769737
-5.889147555944922
-6.425935048379921
-8.077684747420827
-4.6321120804283815
-5.9991526740935965
-8.094401932027342
-11.173874864886361
-7.00860461368714
-8.412902375740464
-6.30423362612235
-7.266454657069851
-6.3639824391043565
-9.242677456807625
-5.497427416457795
-4.438720976120928
-8.887581796011439
-5.497892798020251
-8.510131135683821
-7.665962827156266
-5.286833664788894
-6.794865457738231
-9.926337167615449
-5.994884581365497
-7.537417196323522
-7.617194855269839
-4.576553946618184
-8.499707102607333
-6.43608226030427
-6.051533045687282
-5.664688136399626
-5.94770681479316
-6.790906782435799
-7.56014459651136
-6.334692041399554
-6.714784523342672
-6.334557880089472
-7.333896025032679
-5.551963056744695
-6.360433779882669
-5.422866071672534
-5.123685387984066
-4.795716592516689
-5.65648554426748
-5.0399765853606215
-6.8758835044917825
-6.263617143688336
-6.351574705619137
-8.918627752330943
-5.713206390315438
-6.119114108264419
-5.6023792569633
-5.84764937924307
-5.528483911461062
-5.420834059923739
-6.980371082176838
-4.715837279709443
-7.249538896238148
-7.4102790224346045
-6.241566440944676
-5.815102328499547
-7.185147273354025
-4.751701657288909
-5.38531958020637
-5.4283660557336075
-7.148528448057801
-6.438844809655053
-5.372442812357455
-7.7985055575148365
-9.687659799488246
-6.853309681475384
-6.775643708991088
-6.124697372545126
-6.384622098995662
-8.765423071464179
-9.716436678409115
-5.444820663863198
-4.787559590567033
-7.995451284910179
-6.750048904126119
-8.015916017827413
-6.1563245613240065
-6.8460634004202445
-5.814773742689069
-8.610341475562558
-7.171505632402613
-5.889417428452374
-4.242683967599941
-5.211861136791068
-8.397328822904782
-5.12137222322753
-5.064190549161081
-6.349800906693593
-5.502772335079356
-7.549993879331035
-6.272975610781744
-7.0004640250906425
-7.5922044476885
-7.117214478003774
-5.498874031159518
-8.676254567866941
-6.263783102267788
-7.874159125339773
-12.047774860582562
-7.968621402595758
-7.740175847584195
-8.541275487070957
-6.147207572642103
-8.923313221759166
-6.367821160643544
-5.394887514664567
-6.202256837115854
-7.1467470439077845
-7.87849026277814
-6.854754981158908
-11.193597350595498
-8.563842394980044
-5.962485350715661
-7.571683963878443
-6.377348734896758
-4.35151444965014
-7.650952659719305
-6.738674869317805
-6.192679230757506
-5.1375994015380915
-8.915975401519466
-7.52615993449857
-9.321093519765615
-6.200792509078449
-5.819324531264648
-6.212114126549388
-8.164613253161528
-6.896508062869783
-7.844468835326004
-7.1584465930064
-5.617575691359612
-8.418170988910196
-6.274429528355548
-9.54802481145835
-5.988600265732814
-6.350939126544564
-6.881307810758075
-4.804148637307246
-4.7177527624708855
-6.395540065895983
-5.2486789427088185
-7.383650700054285
-5.211093686389036
-8.038552985220793
-8.600818067863688
-6.25575390450047
-5.520204693936707
-5.406557949780997
-8.197275997393433
-7.420398207749545
-4.896132389784838
-6.593392580492216
-7.813957876687319
-8.098586947392764
-6.897589777669813
-5.368479857801848
-13.265023736392964
-8.94083056278967
-7.796527069686316
-10.157323015420008
-7.857447514626148
-6.666193112685561
-6.580790528910659
-7.244678304870209
-6.7842762603690785
-6.242371657503706
-8.527709928997535
-7.04560905400804
-9.70302165739459
-7.422828966611017
-11.132287336030886
-6.205194265069478
-5.6318001912551985
-4.529714001918235
-4.76965976498107
-6.393995658541786
-4.734474068797873
-5.274462982812622
-5.033199352289518
-4.700001185035087
-5.255505842810386
-5.742518985221159
-6.525813640077992
-8.226769671044858
-6.4343149684534025
-7.157752660826066
-6.450995887263592
-7.0859246418988935
-5.817918458193073
-8.634882265867015
-10.278335101406546
-8.5442926122195
-8.666414412134673
-6.654550382902889
-6.738829693290503
-6.837862187164276
-6.911884043971571
-10.265870456373085
-6.557592619358978
-8.152796482918452
-12.137310435516378
-4.084898298870748
-12.428985388075704
-7.9074093833732375
-8.248940688539374
-7.455497030753256
-11.346854747665247
-10.522392159142331
-5.930874909302473
-6.978864338000593
-9.63511249117255
-6.087182853138368
-11.878344448737032
-7.3360752337359605
-9.25842473674138
-6.132604413955044
-7.6776342862224265
-5.497925347892552
-8.397208539952222
-8.388508173889612
-10.019664707941542
-11.639827625604454
-5.778285249936829
-5.939977133612653
-5.34784292950297
-5.927534708258
-9.701102390024118
-5.645023100258513
-5.548512455556513
-4.829309153090962
-7.571771809335014
-6.154515281773075
-6.1532001686679445
-5.610879801537993
-5.169096989681328
-5.924432032364112
-5.152509602530696
-8.217438406968613
-7.1073790356622935
-6.5189070080460025
-7.983438547716712
-6.673609833821621
-7.040282196299575
-10.730179284316721
-5.996145398008993
-5.163762939540635
-8.483612819775612
-6.681850856119542
-6.124526318331601
-6.10493158935377
-6.133038729413164
-7.250434315104461
-5.724993549250897
-6.869378171882039
-5.9359883655660495
-7.90740864814945
-5.9127978486972745
-7.218927356458356
-6.997853812762401
-6.454294904354989
-6.639438423754157
-5.652446838545656
-5.922126545792811
-5.404915711654835
-5.733910308476105
-9.381903419103695
-6.001465910909656
-7.270433225726826
-9.406954020999326
-4.76481130221427
-6.338165745515569
-6.967394422707214
-9.053384581160856
-6.096953857496324
-12.096744414483949
-5.0528469425656
-7.714575475297241
-7.844088236880388
-9.330910502457167
-7.699058648353409
-7.164558896855199
-9.311083923866505
-6.578641873222121
-9.668786007351578
-6.979698716298943
-10.077124197735431
-4.804683384894361
-5.55052082012802
-7.044817158890049
-5.583964557142916
-5.583289679235719
-5.793493149314358
-6.419828219165057
-7.682038821773919
-6.370236967956662
-3.9677213181061535
-6.84787540578956
-7.668652062586829
-9.124272568538094
-5.988205381572574
-6.539521728896883
-7.513824350723233
-5.3327740929350105
-6.447257381956414
-5.956242958901668
-6.941497105266769
-7.593080807946678
-5.493454435946002
-6.85512420985107
-4.513681464811581
-5.535353381502111
-6.23418942356196
-6.776009893505523
-6.799040055213668
-8.206705056707875
-7.522176724642626
-6.383423466972346
-8.673612435849225
-6.11512557127272
-8.06009630800395
-8.184620394785934
-5.355474073475168
-8.452924315983473
-5.00948931388379
-7.803232670766965
-6.464567007895056
-5.214190751707665
-8.012282118650411
-6.7898462203102445
-8.344112651559668
-6.27031251590336
-5.8983541872764915
-14.386107140511713
-7.456715322338883
-7.495316317067327
-6.615554446322305
-4.770451386152112
-5.630878667877627
-7.949916944663641
