# log10pgen1mm
-6.073933118293794
-4.424449992280472
-4.850178919348552
-3.7263872850634985
-6.453501706560627
-4.360209410535641
-4.2471149251612825
-8.589764053411919
-4.849447780818087
-5.01241430320035
-8.80502733689901
-5.319326275812556
-5.438888551564152
-10.483663628257313
-4.336310155711046
-7.841824784878822
-5.825539103038722
-4.171547693697696
-4.463171491046946
-4.8471316910708895
-4.009436637678915
-3.9122966290654086
-5.106966103403112
-9.275565642180457
-5.113433235269233
-5.672151528712201
-6.114626980405847
-5.989902286101312
-5.892058114655983
-3.7117453056780616
-6.465311209943298
-6.422813882645624
-5.147399902432779
-4.405155705955532
-4.932428432947555
-3.8874085001763006
-6.0700150346016315
-4.235153079917424
-4.743844068894354
-7.972660092974911
-5.651859280296141
-5.127270641680895
-8.798561867172408
-3.908652768990836
-4.997398700621212
-6.798511150716068
-4.801751674381821
-5.0787947596640155
-5.209886155837801
-3.896243304213819
-4.160367261351424
-3.6290107431631355
-5.68644239738637
-4.8471288375155375
-4.344664860898013
-5.698542020185336
-5.931968955260088
-5.401924371160585
-5.560420819285483
-5.374347123872193
-4.856645653572839
-4.886559389066077
-5.839656988286502
-6.337731898329753
-7.329254854142152
-4.983880029488427
-12.773132527380453
-4.620945442231452
-4.579238530435995
-5.768477785219804
-5.119416756503725
-5.64925576928235
-4.346039263063774
-5.911154872460347
-3.7709800713073545
-9.221888811733685
-8.612913372945295
-6.925269347404677
-4.843151325959608
-4.870575976363134
-6.318933306359394
-4.647030780555779
-8.362384246021925
-4.840489574027389
-5.10192364336496
-4.289264805009971
-6.080128544061168
-3.8119656492062677
-3.894258168123316
-4.434631456811084
-6.758919113230336
-4.272781416978987
-6.406379932117514
-12.762060762177006
-4.6766437546524395
-8.975350926026131
-6.01919173737133
-5.799535614939696
-5.282603859370707
-4.8940822265409825
-4.814150754452105
-4.986954521834
-4.085578884663957
-5.056119930428823
-5.827644788094233
-5.420774947713246
-4.592880260694222
-7.020798074501245
-4.725355471233037
-5.441371208978519
-5.006301355511201
-9.084168606956544
-4.159831882113872
-4.954445508253056
-8.85285848588336
-4.650233463473102
-5.272649490923236
-4.120585725655059
-5.2180592290103425
-7.123412269281454
-9.759429613907027
-5.067298109850776
-4.451612049531664
-5.6618026164010296
-5.596896873569674
-5.036447528716571
-5.191229124519375
-4.633839462290641
-5.46857540717412
-9.036669722945506
-10.02955085509349
-4.501598652968461
-5.164316527531624
-9.138947141743593
-4.825178511720286
-6.579317921607007
-6.540846201923789
-4.523624460301022
-4.481268019864659
-5.35285840991076
-5.093491821382329
-4.525327444760853
-4.6947371588234645
-4.772188128902478
-4.828644250880414
-8.936375822842383
-9.388902916505655
-9.9298344436209
-5.252547478424039
-9.349916529882986
-4.813192135643162
-4.794963015535852
-4.656620844466413
-5.8310494746094985
-6.226680804040672
-4.640703499979281
-4.310144784221083
-5.990716200585934
-6.8353276701812336
-4.396437810774992
-6.742433694697536
-4.887750887968113
-5.836180056930981
-7.788417472401198
-4.143541922960124
-8.30901218430807
-4.616210584178406
-5.4138360959620515
-6.583445712387371
-4.097612285083266
-4.738322554755684
-5.651021368871337
-7.6723787724461445
-5.655980214932028
-6.272202045813956
-6.537935879340302
-7.30965809378824
-5.115639190059943
-5.403632857625318
-4.464061331623084
-5.797970433496156
-5.782773832821598
-9.025123004497209
-8.707714298485294
-4.1373361552092485
-4.000019577127932
-6.109096051554578
-6.43269703408981
-3.8543621455746173
-6.214973175427315
-6.211354825149088
-5.357823124184201
-8.160509596669085
-4.524987161755919
-8.396051906897794
-4.748522225626823
-6.306239584446066
-6.268033566263972
-8.568060512123163
-4.431196635996417
-5.343130775830409
-4.037500342126828
-5.092747194606578
-4.426051978382219
-7.4049210105226715
-5.801106155389853
-8.868311114739747
-4.8718688214311685
-4.9638179967652665
-8.522675608536009
-4.793016593513049
-4.577545090808955
-4.618476779913999
-5.247402379845472
-3.809482822245637
-5.97358906200694
-9.150000564568735
-7.0765786939629285
-4.75710964987255
-8.340746423407248
-5.3571639344078354
-4.89804313327357
-4.897352291589929
-6.993318953574077
-5.10933216442255
-6.40052105285794
-7.442282398196825
-5.386992557947392
-3.6760880468457247
-5.758083484492133
-4.1273128514228254
-4.398114378826475
-5.361353481485483
-5.286864841669763
-8.46717748134381
-6.091215609421683
-6.948658020581591
-4.432215593430884
-6.923199619401523
-4.754987893772499
-5.0908409960250935
-8.19005599543276
-5.4983894277450345
-7.3060073685180775
-5.179862298890238
-5.2864123022894525
-5.517205687783078
-4.443160955634135
-5.715742195913109
-8.204760082969491
-4.536231036939886
-8.394499191730342
-7.409032643657346
-7.689989440708633
-4.8792396085844665
-6.0128714749328065
-5.959938136867015
-4.278788071033744
-5.942144224669827
-7.484540451510387
-4.923876600530935
-5.225726443322887
-6.044104805138172
-7.146439592984593
-6.433270805925606
-5.172918433173592
-4.990782141875185
-15.346253898793579
-5.5848763284037215
-5.175617719509372
-7.193872622438317
-7.024896480052649
-4.844596365056955
-6.259584596999109
-9.490099362362152
-3.5689877327187896
-4.514440954355514
-6.341877616727541
-5.3003765529030575
-3.8785749747630285
-4.600316486326551
-4.219913973801572
-5.054928681811572
-5.270529997534616
-9.625460028914564
-6.172911255806258
-6.728420328308171
-9.29535543403394
-6.056606113419899
-4.210560494188697
-5.378804394491218
-4.448509210218274
-3.9660790167332522
-5.647040583205353
-7.145511170846786
-5.564637877528336
-7.198090858392846
-6.032144283732986
-5.657637978753119
-8.798171569566437
-6.373698287296887
-6.8111132896969035
-4.671245819026975
-4.39994292610182
-6.019349373828351
-3.9968059990263045
-5.755438031941777
-5.579148541016681
-6.301981994558452
-4.399407585938628
-7.591238713257892
-4.0573590361986325
-4.770816672317832
-6.321541356441397
-4.344977823188831
-6.104022388339339
-5.787310255938256
-6.206076594685313
-4.803789620510538
-4.05990697199232
-7.438698550693618
-4.965818341568155
-8.646661850380966
-6.789534268812816
-4.246331293281623
-4.408266277909605
-6.170306641836882
-3.970280216385572
-4.754790551084526
-4.354077816143939
-6.157904709624494
-4.238400173730956
-6.108467107799569
-8.829536644278884
-5.548382530873911
-5.971804028970783
-6.25803108796772
-5.234322902184022
-4.905189129826641
-4.9111466591062065
-7.572972727760399
-4.743681742020197
-7.987650256573471
-4.21778083956852
-6.631353903431736
-6.219615165651707
-6.237107945295643
-4.649094131442242
-3.3754862755225776
-5.058359385439974
-10.270505869775723
-7.871517317927317
-12.556903024553641
-6.47292264851822
-5.571074509967263
-4.631502848154168
-4.7876926081792295
-4.0471675162611085
-5.898176554540071
-4.135354825923929
-8.060185441146464
-8.356271262546231
-4.759451772905336
-10.619846090755082
-5.9666934341691595
-4.179514767603488
-4.973688062695297
-6.086166654009135
-5.545683961889526
-4.350351692885965
-4.251231899582733
-4.726882935354028
-8.030829638148697
-7.005356183485896
-5.918679368666011
-7.503328057510842
-6.0495174859948975
-5.3204608933428785
-5.169302966459875
-4.36234455771724
-6.813513602320196
-3.9654108768202243
-5.561341403450561
-5.097197614764148
-7.3890528028371945
-8.079896558088342
-4.668709125413263
-6.127222999398953
-6.022147895956962
-4.026211501623307
-4.266703286660864
-4.011615363386689
-4.8156495897406115
-5.423013712949634
-6.242337020315054
-5.418391951431963
-3.999434009739868
-11.77872325834329
-5.124150711869277
-5.363364335881784
-5.757716035246622
-6.528312742004715
-6.785810413959209
-5.321993397627216
-4.114329152141653
-9.273045719681093
-4.514498628266301
-5.889248616614532
-4.436281704909573
-6.111434855621133
-5.021668690095998
-5.983994071808503
-5.853092222447175
-5.77239403140568
-5.17657714161766
-4.739425452386823
-4.379376594855471
-6.460479231063127
-5.075815550099426
-6.673291915201719
-5.877496149755963
-6.860423110454853
-7.991093307581241
-5.153536878382379
-5.402842320675415
-6.214821678161965
-6.837562682442056
-9.055247795378904
-4.786845433403976
-6.373102157193638
-5.3688101286047045
-4.409954622869401
-9.073531485958256
-5.510046835092111
-4.411442942295375
-4.844237352734495
-8.396302040750555
-6.513358587640282
-5.763893316627229
-4.496516109285934
-5.1285043454668875
-4.9341931038571625
-7.074093491111063
-5.283967027183615
-5.870024498883315
-5.239864470368751
-4.08288533923549
-6.3245180047473335
-5.578642543635363
-4.981454271519182
-5.03964537565847
-9.068116662283424
-8.18490202230233
-5.432910375211678
-3.9931313135568813
-8.78746108190434
-4.492437149211981
-4.86260756571804
-3.9429189793378088
-5.9978151530167505
-4.634549990199961
-4.811223448582281
-4.9221846973650125
-5.443950027694504
-4.881992890271688
-6.102916625934871
-5.648755473256287
-7.675578194317331
-6.661460142683231
-4.013210884849323
-4.293481487656427
-5.271876748311916
-3.9330023474513864
-9.74916778193762
-7.4147852692344935
-5.13600477385044
-3.927151700619241
-5.186076924541396
-5.139974480432581
-6.252656567289856
-5.063200489318458
-7.7235027641252145
-12.30013993290975
-6.832433763193227
-6.044581607474146
-6.922832683537168
-6.856462964605734
-4.01600133732995
-4.704062398445497
-9.818550224548126
-6.8718577345728455
-4.9604737263259615
-9.523826212270212
-6.065769263580702
-7.135313257503568
-4.121308812434098
-4.6131553934226766
-5.784832899404052
-6.241117020680771
-4.600539541563202
-7.629539939106313
-3.90837413333698
-7.832158141969819
-3.9474383561556445
-5.5080318288652235
-5.285273438330849
-5.511479028406733
-12.166851633804315
-6.903632205972595
-7.524961618701232
-5.933204753295008
-3.57343921239181
-7.603186966031612
-5.169744678013483
-6.374052878438953
-3.8524907927964476
-4.165835163798033
-5.74719838923493
-4.262872129252009
-7.167142419668286
-6.665632609203483
-4.381950284128678
-4.596836272785647
-4.169487260604215
-6.451872025051076
-5.62112517386672
-5.070692259375004
-8.995506323481846
-3.9917046070547806
-5.3698576775092315
-4.801528372009936
-6.493308201890065
-5.6347148758108165
-9.432839781332662
-7.086016323382202
-5.747979538618245
-5.258954393685873
-3.8600750878658494
-3.8762052231046957
-4.225485389009283
-6.293017154459103
-5.0664253136269926
-5.221142637451547
-6.519969426124445
-4.8427300202043595
-5.433988701652062
-5.455445036373521
-4.548255808746897
-4.711664810247254
-5.346640158578399
-5.412033619189013
-4.481333090428599
-7.8299122514545445
-4.300053779038338
-5.0607311605363625
-6.997044617307118
-6.604403445540469
-4.310892876842197
-4.7696074489760125
-6.104043588160359
-7.623950523306185
-4.926062710342874
-4.404738965258208
-5.564928895254448
-4.680755804960293
-4.869942854207244
-3.909617693494314
-4.074320678238014
-4.7089948418438015
-6.127120698656774
-7.433122426637578
-4.300586623918028
-8.58404140680754
-5.769071042460836
-8.546516227247563
-5.310202986460106
-6.172570177279715
-5.4576824475614005
-5.561006837981377
-5.948721885538729
-4.306203520653607
-7.535803699271929
-3.7941984901842836
-5.725926711044675
-5.248749773744492
-5.355602203702278
-5.0679961047313995
-6.977943037067656
-5.913987320065188
-4.710836801523747
-9.235435611636177
-4.043171016851725
-5.769243827938936
-6.429368289176547
-8.087735105044837
-5.573995005951755
-5.79421534297459
-4.91539528078789
-5.472653153770807
-3.9515446101721743
-5.9756879898562
-3.8332029346323684
-4.832557239535409
-4.275706306782237
-7.952017550043965
-4.17050557111081
-5.894757430969389
-5.220633025166058
-4.1804162977114485
-5.89306011341988
-6.9554240931466715
-7.468329336517269
-4.370818463282463
-4.264788501037673
-4.117878361591907
-6.732127294596188
-4.083565144758019
-5.549129991159921
-7.628993456385187
-7.796517675588135
-7.554254650660747
-7.767336846197757
-4.704522458468787
-5.050572701427893
-5.182390319499773
-6.541223068179822
-4.97390902405372
-6.555456206587142
-8.282744089687077
-9.010897928214849
-8.104071651720247
-4.351044671437851
-4.805761408616641
-4.898835270219794
-5.030713071287722
-3.387502748462614
-9.410319221249521
-4.1890613006059265
-4.523678262200221
-7.609870671990052
-4.046163725813216
-4.8058810962488065
-8.61285071727635
-6.633737593179768
-4.984284812936659
-9.298822380826012
-3.7833406917062353
-4.562001593716619
-4.86049273827797
-7.057628615114248
-4.126596537369514
-5.052236645049862
-5.9629687061887555
-5.068421012163462
-4.453633111620321
-3.8770521555835025
-6.669195051918593
-4.987016330547107
-5.9197607810081605
-4.3726549206929395
-5.010670063004673
-10.069434364914914
-5.418350753345647
-5.121164630518026
-4.608310817226524
-6.061514680611273
-5.1014769209914315
-4.709446473501914
-4.014709905663994
-4.7129884981566805
-4.245579388224163
-8.433672337266037
-5.206747805294203
-8.538791569547017
-7.1736452433003715
-4.200520597546672
-5.076882186195411
-7.65619068410728
-5.621241622404324
-5.537245912481286
-4.486459152448591
-5.480019676685471
-4.146459852052821
-4.736801551508743
-6.5797708561956005
-6.856396919675328
-8.076891609459581
-6.328260447983826
-3.8876954804315433
-5.266325782793628
-4.847404271744667
-3.949559476302003
-5.550644583617847
-4.2584855458291
-5.593965786449261
-8.484159647309106
-4.056908237748118
-4.668085460348043
-3.7647025437370814
-6.088854877988611
-6.981773569241335
-4.9330723917707635
-7.273393781316193
-7.65747996968261
-9.654465295090137
-6.140391027130713
-6.4928875636023475
-5.77325256185958
-5.561257557780273
-6.131543209544031
-6.5739826003647295
-3.905932255796741
-5.9749402766965485
-6.374371497910957
-5.807097184918668
-7.637517090002491
-4.65817947874066
-9.391025234162168
-4.42236507526249
-10.574484819115103
-5.133231149537914
-5.4015216553264604
-4.4262995386709605
-4.933016193393727
-5.504457677882276
-5.1068119494138005
-5.444472355912443
-4.190005345433067
-3.698256274236649
-4.607237131323519
-4.951551296275116
-5.3245412125419325
-4.365219200646042
-5.041727458525365
-5.2820895724907855
-6.795575584475015
-4.811080813675858
-7.064213225494511
-4.476947644048038
-3.8601399699306396
-6.580536833649367
-5.112794218589899
-5.234424979009725
-4.0358396137222625
-3.911073037723082
-6.022654298432998
-3.8804642594874874
-5.097830611637426
-7.596680843555699
-4.919613475307399
-5.324079528724288
-5.992542884537766
-10.825676719924802
-4.642424597071099
-7.376283979058384
-4.621740066294204
-6.052385438751305
-4.412387531247092
-6.173766341969447
-4.587706730597496
-5.253286169060507
-4.141898599117517
-5.44861343915619
-11.189206206118556
-4.409725895850949
-4.2708492695987115
-4.031227055593511
-5.186030691951691
-5.740183223408543
-5.961717174891554
-14.727180487360867
-6.0109349554850136
-5.5203192252512014
-5.957042803447278
-4.442088505839479
-6.167211321624978
-6.47569419494866
-7.079720237649201
-5.777345985371565
-4.055754309538583
-6.630748841610122
-3.7170854815361043
-8.006712847910544
-5.4340119098543855
-4.254046732858274
-6.2310036575043695
-5.271663150799587
-3.891433602740318
-6.3603901218822685
-5.4430149473781135
-4.582067160544749
-6.254087459409774
-5.097283349065808
-4.687077831502378
-4.3613382559709795
-4.9778824714866605
-4.505260863613899
-4.0464880448896325
-3.873492566838407
-4.775890012676772
-4.428607372737922
-4.802975050225048
-5.5130585182339145
-4.230818132681273
-5.8140946669496305
-5.219911657871114
-6.819460581647802
-5.553952461743722
-5.182626813531097
-8.177743179032538
-15.959791745783653
-4.899025244853519
-4.996707588690206
-4.881278962068884
-8.027465207541846
-4.1130532050757544
-8.329847877377333
-4.302446045883236
-6.184524466418212
-4.345140465138415
-6.379373986405221
-6.200954866380935
-4.756550665701045
-5.160055149288418
-5.501984670071988
-8.18486855053765
-6.362708084285306
-5.942362768321627
-5.934744145443846
-4.354001664541062
-6.767596488746588
-6.1200725723944345
-5.098685873908472
-5.9942984875193615
-4.940298861670345
-5.201553045847022
-3.7433777390221783
-4.996837240095332
-3.833764513659639
-5.215835906138759
-4.599730919022947
-6.217076267637689
-4.135567717050173
-4.901453798818148
-4.2686536955261705
-5.229436648187167
-6.049399026188385
-5.75146446607615
-5.702139057656088
-4.041672047371113
-4.544087827036768
-3.46001425379759
-4.059185187890311
-7.275576028568937
-4.295292479640246
-7.364027516922656
-8.378078251382272
-4.720157461781309
-4.431941723589756
-4.486384604055434
-4.611204287944988
-7.740079263205234
-5.43981321874003
-4.293704824361671
-5.7171797168613505
-7.005490317874074
-5.088098744596752
-4.187607032739047
-5.067513139619247
-3.98250684107679
-5.204755960789713
-10.951001789087517
-6.40960560632686
-4.580701912235814
-4.755396296535964
-5.413634798560159
-4.751761191716336
-5.591252075894574
-5.868304222345067
-6.414568397475975
-7.380057091480148
-4.495245940998393
-6.345559853888621
-7.666584999552086
-5.5539548477700675
-5.265766263739611
-4.108111727039854
-4.437142074510007
-4.991320343408112
-3.9478028180093236
-5.351725418370292
-5.977516656056901
-5.592628881345009
-5.325465148627981
-5.240675011336179
-8.125397162316084
-7.305814706358082
-4.614362587998641
-4.027408364111081
-5.765154136868915
-5.22941941984581
-5.435237031330404
-9.818756685531982
-4.88163562036182
-4.051303404036893
-4.129846528986824
-5.329179855107347
-4.772831135275034
-4.307843049560676
-7.383142178453416
-5.058951035925376
-4.335600170512709
-7.764288998092125
-4.481431610752109
-4.168639546499353
-4.1847912916337435
-4.312581624546677
-5.189894682796772
-5.0762194950118955
-6.194688473015182
-4.020350986042006
-11.255749289971636
-7.974933977479941
-5.092380590870654
-5.426007535223497
-3.445991362309895
-8.80674447480056
-4.038342100145154
-6.439344587046386
-4.759102222677939
-9.974105352228735
-4.545835704105471
-5.334472460352439
-4.993742314326374
-5.608053500820611
-3.8324717246985527
-5.213385919691352
-6.8113410092094755
-3.702861991197139
-4.267462008018273
-6.816187641884051
-7.995137382400912
-5.267485233242012
-7.137011045547655
-4.188883326059269
-7.53784843996109
-4.682020696948162
-4.1060576325745455
-7.043609371517536
-5.989998268960502
-4.432575356548512
-4.074455680664445
-5.189954951283091
-4.28889799403547
-7.379996185918154
-4.251066923091374
-7.3004768508615525
-4.826610683459733
-6.7222298744337206
-5.187819304468844
-8.636355459748687
-4.553279494106992
-4.8501546935555995
-4.315435957386903
-5.5384181410030475
-6.937847852631285
-8.937186944514588
-4.885296901640404
-4.717529926011768
-5.53320641396326
-6.179291476317774
-5.812918601029902
-3.9875177986356976
-3.5715545478410973
-5.05737581765086
-4.208820594400522
-3.714618877109462
-4.995917410789177
-7.27661055922392
-5.2640738634795765
-4.44814445683211
-4.128326025385562
-6.521668464530496
-5.9056887670468186
-4.207679470401078
-8.245851472739517
-4.029031514393243
-4.265888909918938
-5.866262424135458
-5.535065844140317
-5.38029376441238
-4.9176618879242096
-4.0192845985815415
-5.368380012919683
-4.791684725123344
-7.268116772973748
-7.561890740561977
-3.685870865859131
-4.916768581893652
