# log10pgen
-10.746543543202064
-8.225686027788809
-10.19944736619668
-8.734492143052778
-10.20763798370616
-10.443600912015333
-10.573734043798861
-9.503300191222175
-8.054730927631217
-10.58477519617002
-8.940333229071465
-8.942136955103622
-16.896710802131576
-11.635242319765771
-11.218603804604347
-11.318229317219755
-10.120760076653792
-9.792491618295015
-11.512353245409086
-10.592298402299031
-11.422267019170706
-12.73056794244253
-8.568035810725073
-8.177301119558102
-11.234418950052566
-8.035668917519013
-10.067446146536312
-9.025535947876019
-9.774069801393118
-7.200068303054791
-9.343896120909756
-8.018920613865502
-8.03554260873551
-9.456532161727575
-9.265258781382578
-18.269253923781008
-11.990585502940437
-11.149442276667058
-8.697905972152938
-9.031513251476598
-12.159427354446903
-10.760583718530423
-10.075242348405991
-8.530057016838267
-9.52284561151023
-8.870353322552793
-8.616392677049387
-12.157495668213267
-10.31937539258224
-10.235486239567338
-8.682621608854271
-9.439228345400931
-11.912617175510428
-9.865322600297212
-10.528363200436784
-10.351892839207412
-12.378588887810082
-10.394803063387338
-10.65981559773252
-11.811933065161211
-9.993611547742946
-9.388750091245841
-14.256439925579645
-11.457685218811282
-13.05362859552409
-9.266303930179351
-8.913924287485349
-8.301910145093313
-10.418691059461997
-8.143735806942605
-8.255737773879316
-9.810108361090652
-9.688699647187015
-8.671289491372006
-10.581279036101236
-8.937477475092452
-7.829035123836087
-12.391265696284984
-8.736831424135564
-7.0359530798923835
-8.247082357598803
-9.821305741530999
-8.252857376919653
-8.312185549071105
-8.25443844256461
-10.090320973793517
-9.664905100062509
-7.742612193736045
-12.35664467786608
-11.041125619038489
-14.43581228672778
-11.736189863337467
-9.632518048047311
-12.566452928159745
-8.532247649980995
-9.785320524368254
-10.734197376399939
-10.780559972177949
-9.248854733705633
-13.017087657179202
-9.261994659029476
-13.853249957969094
-9.696638451775497
-11.573959045816542
-8.149993267546357
-8.560232042034812
-12.146250485167457
-10.546961828357851
-9.777464774982677
-9.355792008783707
-9.057129234820557
-12.139131529663079
-8.399957259206683
-11.084653311368273
-11.750072547700059
-12.24335994271021
-8.204903096675183
-11.973939385117873
-9.09415735574875
-9.4670727152388
-9.58404122049797
-10.1246231094201
-10.641608242184223
-7.542187945878409
-10.82071009336834
-9.075783711840963
-15.87741365779416
-12.944053444241435
-9.398137305909355
-10.8529279502146
-11.684146223952103
-12.950833099157219
-10.946252121169834
-9.999669540875974
-11.104556294428681
-11.67224060012942
-10.58803768186683
-7.392559782927927
-13.05286338663179
-10.53120785473827
-8.398659357729066
-7.5010016176552785
-12.454982969673678
-10.47670564102909
-7.006034971994894
-10.983560236305086
-10.015903879655735
-14.756303562945071
-12.307327901293561
-10.368454552884625
-14.490118011018733
-10.261342888276312
-8.330419422058467
-11.721028417614773
-8.614201142121496
-12.395950040817036
-9.119507287836294
-10.656413277575902
-8.87081655412293
-7.299408849267733
-8.914116564166596
-7.398801567368639
-13.550139386349668
-11.253232844370986
-9.230237601392385
-9.239844265510374
-7.928064522868993
-9.736591561354748
-9.47761050910375
-11.273765554519159
-6.99355694556751
-8.455706310171864
-8.453056367844788
-11.217279895404111
-8.324834338460409
-10.029482423560957
-11.738149765231881
-11.9009586034074
-10.118866243894045
-11.388106723628942
-9.356565628602779
-10.209346615048801
-13.048692721759993
-8.672888489007349
-7.370080437402804
-9.094963878066231
-12.540745740679807
-12.04981130428899
-9.683458479670422
-9.61451242453318
-11.403094260774619
-12.68237063001249
-12.516187679445844
-10.768501780393779
-10.687868433568365
-9.501987223090534
-13.469165264991355
-9.074274507736773
-8.347611993695175
-10.40153087740903
-8.819224799285182
-9.428976837073208
-10.463249912014291
-7.863176168685117
-8.088928018262536
-9.666922310916672
-13.48164957042499
-8.386451339342393
-9.579679455213148
-10.731637769961898
-10.210852053254806
-11.09714309858169
-7.8692584739219145
-9.325637332155
-9.064606015248586
-10.528224377474414
-8.525325061917403
-10.850910737338275
-13.390511544990694
-9.867419249839248
-10.00077233786579
-8.766896040541235
-10.228962078758071
-14.797614590503423
-7.434531798069288
-11.51755285946342
-10.794414885538735
-9.602214413084532
-9.71169658267888
-13.000969025812266
-10.779655582175224
-16.799470737830195
-7.489031481848429
-8.558065769574405
-14.092984806655318
-12.880521977620827
-11.505650216627435
-8.876976153127927
-9.354989404237447
-10.23744871415921
-11.390059153487915
-9.14213853337414
-9.162678427837221
-9.742521254896268
-9.053979555550958
-7.929520655792616
-11.721385847458464
-11.204474060547655
-11.440250341234309
-7.791746064331188
-13.618934831459
-14.891096365609297
-8.296797078965719
-13.453123169418175
-8.635712092989538
-11.764431168078325
-10.32692556156941
-10.870672140942936
-9.688189488135388
-10.536884844857873
-11.651695447131322
-8.120776736261913
-11.841932356075796
-10.011709122500601
-8.365543934245755
-10.71108928904081
-7.806609572238702
-15.972737315685144
-8.473037581701393
-10.58717875515725
-12.002369944078923
-11.6907389360526
-11.183139721862721
-8.740957974782335
-8.612659045675874
-9.482734170812558
-10.448013075113392
-9.614345672806484
-14.686728725681913
-8.942254857026983
-11.167650376813581
-8.472864359653832
-8.949529278737856
-9.426712603186857
-9.700650512364842
-9.813564313088625
-9.74165915337258
-9.99149004468555
-10.1797735908414
-15.21604517607607
-8.59346767982648
-10.598305561984194
-19.94829532830538
-11.64217553408506
-9.506351506044524
-9.905448088532108
-10.728961638826561
-6.909094405775347
-9.731249069138737
-14.465839853193268
-13.718248885763657
-11.066328544635345
-9.585152247215987
-12.807598714521799
-9.370425537868838
-8.675865069742654
-11.064116881258999
-11.906635231827956
-12.064579234615785
-11.934940555049081
-9.223791052782989
-8.258881940789431
-9.363403257399407
-11.610424089574957
-11.571476782254841
-8.78381010611544
-9.73965895240435
-9.849172355337815
-10.452492588861173
-9.750264482516243
-10.90226178497068
-12.208950733538181
-10.811045730917844
-10.179564831785656
-9.355739946337758
-10.440332956176892
-9.953766998442457
-7.1556155985246965
-10.408710951759698
-9.45079926904244
-9.406070936146518
-11.414301458150641
-9.375367407208426
-13.747180230666988
-14.898294701389645
-7.906800639684164
-12.459621551862273
-10.502357163181863
-7.8273681657140415
-9.125597815546069
-13.205486311297383
-10.840885719359449
-11.050054859918397
-9.701266462651665
-8.130348386798884
-10.480372512702553
-8.217777703772153
-9.622865514250902
-11.293936663871161
-10.714926006967007
-10.277183318113615
-8.362118847710727
-8.448394297014842
-15.02559495727472
-13.399757591205109
-11.812779650392972
-9.282442438680743
-9.977801963192832
-11.039317251827176
-13.334699492917787
-16.109621266827542
-8.757335678730284
-10.098535197039139
-8.777983231089204
-9.852305560290548
-11.28936148174268
-9.984391227686732
-8.98422962598579
-11.976071144722704
-9.184936566420895
-9.78470777059739
-8.791369738889706
-6.676700081427568
-8.940774284242133
-9.60808330895424
-9.057878811655849
-12.234149337374754
-9.422180332498833
-12.67839205592418
-9.450330418077327
-10.7709120240225
-8.955708449623046
-10.592187413092516
-8.79324755869755
-9.977335562176647
-16.460645435119794
-10.925395786323806
-13.568905386455725
-10.161324216548941
-9.762718879719772
-11.628749098763228
-10.902969462183917
-14.535788369298373
-9.332585619774571
-8.324659600496943
-12.804375199219994
-12.296400285392949
-8.518362192911976
-10.288306438365971
-11.195620315714617
-8.494429617879673
-9.743034519716478
-10.959158423860027
-8.466454792990607
-8.90927580170178
-12.00968927543123
-9.80842502870062
-11.367581878189378
-8.90330505641629
-11.56026215710002
-10.123562107546356
-12.86051607136969
-9.451123866530788
-11.397647177013289
-10.552892523468875
-8.52773975632304
-9.540404828770805
-9.855427422359755
-10.391039847091509
-8.57142740016156
-10.598352572434028
-15.365622646870396
-11.17156467149318
-8.841022237556443
-15.163404294404263
-11.83767865046753
-8.137996957492916
-8.37186843528594
-10.151771372374544
-8.681900329674185
-8.172991681521259
-9.688308703135215
-12.037327605995646
-11.045187279767205
-9.002328069014913
-9.102909698341573
-8.429673387181072
-12.958420988906616
-10.15791983675783
-14.715445932912173
-15.384832085415066
-12.10470901061095
-11.864760667286722
-10.327023641235899
-11.440012359635709
-7.6075811412564915
-8.64745770714199
-8.677546375299908
-9.633732557361311
-10.304803937611872
-7.786796227328398
-14.202028630259614
-11.95153059142162
-13.791121852061284
-8.968880969271751
-8.680062332375769
-11.486069134216452
-8.406736754940246
-10.106948476019017
-10.241254399908314
-10.449944160382282
-8.687795386549976
-8.112158287644709
-9.596220495057782
-13.086656272385506
-7.8991187036629125
-10.306689356365707
-10.239078700800142
-11.757512105927356
-10.96954999354044
-9.200487168138219
-11.503423294700628
-21.02155173635038
-8.79519610418325
-11.8329417663952
-11.20081093009158
-10.353351438088712
-13.546506462924905
-8.265644305662523
-8.725645929249064
-10.895234392604985
-9.682507797176498
-9.15230485992206
-9.045171792112377
-10.375571517364467
-10.250212014690005
-9.602917574232562
-11.101932994824178
-7.971186964372386
-9.048999568325257
-9.807856613462826
-9.116943641201743
-9.889522661921843
-12.440230310324017
-8.005772084937147
-9.109510774399496
-8.407986751947567
-8.405584005140641
-10.908424754586692
-9.188067322216721
-9.036760367055791
-8.480287326977239
-8.898062718066234
-8.296534505471898
-10.335664730438475
-9.463889825376588
-13.749829383526539
-14.139033591063102
-12.193393163327201
-13.613422392590016
-11.333983064567127
-10.068952152367151
-10.944172422250546
-8.615159178467206
-8.016805786359589
-11.120463201492806
-9.53789354947534
-12.159707335231607
-10.480162396306214
-9.997602011185554
-10.17864162224608
-7.789156257785404
-7.818707561897591
-9.503784724317649
-12.223774497062035
-11.745179949689046
-10.220888777678732
-8.715930732994833
-15.158806795057183
-10.156321323462592
-12.979889812530674
-8.1808927094355
-10.469337987133686
-9.236562399422887
-10.915649694874006
-13.224321042734202
-12.931130516189008
-13.20245811409154
-9.993899968543381
-11.772025057523386
-10.763944453400809
-8.530216819779163
-13.324166945565514
-8.969777757819035
-9.979134252109656
-10.106132491195144
-10.641934446906758
-12.077923116931192
-8.933078242034979
-7.99882346240123
-9.6740916571703
-10.172274506795008
-10.775818747823845
-9.087110829673403
-10.57721641328124
-8.618903475968542
-11.140994147468883
-10.076302461763031
-9.267473538676551
-10.652803491712644
-13.160540535236027
-13.172279801903068
-10.205768841850285
-8.646111406401054
-12.065865693152604
-8.104013179546229
-8.205378676342885
-9.8159643119531
-8.192605162579548
-8.620002783746815
-10.760528112239408
-15.062988584107183
-10.12303256835685
-10.525065788303548
-9.652075705226977
-8.051000190548107
-9.284477128676542
-11.068077617764002
-10.973472440699977
-10.038219515092933
-9.457621880809967
-11.919510871820176
-9.600670599425351
-9.285615231702414
-12.962726162065476
-8.536427767780799
-9.116296801215839
-6.793468596643765
-9.092437178772334
-7.8263042967241
-9.772543975621021
-9.691793013056408
-10.214634998333988
-9.102247625691593
-12.203669436515055
-9.72916568317352
-7.56049183239825
-9.260091265344006
-9.762965783492369
-16.037855235453762
-11.308332880309795
-10.473505960204996
-11.11724554985956
-7.81054843482558
-9.442380132135739
-10.255040686753626
-13.964502881120609
-9.766616609283624
-9.895118930351975
-13.846615021792543
-9.391347325052802
-8.6654289110154
-8.196164931685985
-8.924266163596004
-10.122818042563608
-8.734081525400995
-10.66096678023123
-8.724418064826128
-9.476921326525881
-11.380074659515454
-8.623687462897191
-8.366129570982556
-16.44444394464389
-7.754935076553566
-11.653092177155576
-11.725631355587966
-9.11210331162081
-9.320821946951993
-11.28627458150109
-9.285868897649303
-10.663392793415836
-11.20758263670875
-10.092339573272396
-10.190457245721676
-10.78464583088645
-10.549352219600443
-10.724732593314146
-8.83791799958436
-9.971560264934537
-9.216534813409867
-8.305002345497916
-9.240109172407053
-14.254803857848055
-10.351845866792399
-9.601236802947144
-8.46729702472182
-9.851465676303645
-11.618097139730528
-15.125001340763882
-9.030783844227724
-9.343913030689825
-13.003133311521408
-13.771678088194104
-9.792748265103683
-11.961676914226935
-10.668070784865389
-10.73599925507281
-7.812734832332842
-12.259298012993906
-12.19337118865507
-7.84830187529523
-10.178086040396735
-8.264467000145014
-8.482762456420446
-9.252817894174163
-9.364585590377088
-10.632131429924891
-10.82130956185969
-9.605591702803844
-11.843908320853114
-9.040435308579331
-11.76302003380591
-8.506742720305352
-8.873527766920201
-8.147881246659932
-9.642627235765923
-10.679843711946809
-9.422953449748414
-8.839444590849995
-14.271175574000635
-11.202814686934587
-9.155151369877919
-8.392062069522291
-11.78525131985241
-11.725372265328238
-8.24273854398527
-9.42436792896158
-9.746762616532399
-7.378009171576149
-10.905927122735216
-13.185748117976729
-8.48279148137914
-9.46511198400982
-8.780992540174328
-11.360168452996646
-13.588026868772085
-9.046731168122973
-10.34727749162599
-8.624544932629707
-11.542472679699264
-11.4142434416967
-13.238516326984481
-10.274018366062036
-8.727258720327663
-8.314293832359292
-8.77996937928226
-10.561849600005239
-9.434612269299581
-11.320315481649585
-7.971713624928326
-11.41572396513829
-9.645404036291037
-11.38792972685189
-14.848701532887262
-11.009531711094143
-11.519012176406124
-9.562347763611935
-15.842607075458327
-10.4518442717004
-9.080558831848675
-18.574490423864003
-9.840352541744677
-8.38969056666355
-11.781613800119027
-8.923397992324624
-8.59589045250553
-9.473809630238655
-8.475629749232143
-8.48870614857279
-9.231497239367114
-12.546168543945406
-10.350285027149068
-11.285393926067645
-11.0063240365053
-9.29665241689997
-9.696820590568624
-10.72715702107139
-10.143948229122126
-8.143003614586155
-7.393333005563434
-11.52315696528432
-8.488325201640121
-8.124894022753184
-15.363944845317965
-8.967968458450121
-8.67159187687811
-8.918153655929798
-12.938775391140862
-13.709220134848346
-10.153582305241976
-10.655504942790577
-8.216552913785314
-9.347134731395279
-9.8487405501531
-10.526822992205139
-9.039918159179688
-11.109108632918929
-9.181412650610358
-11.556682179098456
-11.276695355645789
-10.128334230531932
-9.97261037640539
-13.03329127363832
-9.981133064278275
-7.90276703871161
-9.40214148964648
-9.483326315975535
-10.12534202537172
-9.202571870922242
-11.736555143461821
-12.906307171147574
-10.479941104892388
-11.035052934927544
-12.70402348417596
-8.396823800932705
-12.9128221375884
-8.975303792278826
-9.691550364223724
-10.276661980014557
-8.323664230227068
-9.11522195081343
-8.404823742546855
-10.121808383322673
-9.604386312752274
-19.598525570552013
-9.765998596200411
-9.080005244862265
-8.143083163941371
-10.155820298353518
-9.908828426758408
-8.397884334429312
-7.534648809535381
-12.536715956700599
-11.3350637292614
-8.676038366334243
-9.828063067051147
-12.02901078001876
-10.375066685774721
-9.736937513149952
-9.6760858037789
-9.324650460349028
-9.323232633099343
-7.891350143309365
-10.28336743143932
-9.311590952719252
-14.236403430080129
-6.09499912303586
-8.736228791571442
-10.418474991980618
-9.324520938124701
-11.276541100110496
-8.384496568671013
-9.864667237781664
-17.318398647255066
-10.978263218416789
-8.910530452166768
-11.51724494556539
-10.049929537077734
-11.455717738008524
-8.328551537656582
-13.752284426105978
-9.878508226280852
-9.531027873122683
-10.726291846069712
-11.935316106800519
-9.627663971592
-9.195900232851105
-11.30544161086292
-8.812036234992815
-8.703042205374675
-8.478220965922663
-9.598230868704917
-11.47014394952682
-9.43035185206195
-9.675693937000794
-11.24907561282908
-11.523203448865951
-7.577739886465701
-11.398180050725285
-10.663043603212566
-9.926625602300627
-9.048238032760084
-12.054843280501343
-12.321784230393165
-9.382774605057136
-10.818154697947957
-10.004491247909327
-9.018254706142642
-10.150752301160937
-7.6483179813728
-9.3217444003252
-10.262342377759714
-8.886194228145701
-9.438323446928353
-9.763796830231888
-9.419373780143736
-10.399740749570743
-13.836316310647641
-8.457245514427491
-10.228907212295718
-9.348809264465693
-10.777440300143363
-11.354667481420519
-10.41948565463175
-10.227138198362013
-7.673170438423139
-12.02368158389584
-11.082834708785501
-10.351494634690109
-11.37769749536373
-8.801030610379339
-10.178864413127812
-13.537250410819764
-12.178292474635846
-9.305476022874533
-9.329767648276366
-14.091164208587665
-9.836557848504569
-17.98869858582536
-9.111238043649161
-10.301306169159338
-15.136927147378485
-14.011384494910844
-9.699155520467315
-9.302530193674087
-8.628492551217828
-10.560856255176779
-8.74809694398645
-8.27589108310409
-13.502065165255027
-11.73391122311486
-10.222566679232987
-8.34495796479134
-9.459135544834215
-17.158577785594105
-10.700707674875305
-12.666704209132261
-8.313344533972952
-13.511079934965235
-8.45748793953609
-9.148033346386494
-8.559126927232434
-8.894622423105943
-10.817312760962858
-9.919725694523294
-9.831076605314557
-9.392253951539713
-11.667068317926264
-10.626441405381966
-10.260131393529912
-8.871412367096278
-7.664456733452027
-7.03109571665431
-8.188093311801694
-11.811026946372316
-8.952566479971688
-10.902973858665172
-10.629548002215794
-9.335752702768477
-10.376503508643856
-7.538102930471786
-9.934719975071816
-7.360321133762583
-9.89815999245576
-9.30274232629933
-10.219793997683844
-9.271460495391551
-9.747983875054768
-11.22475077450129
-10.268056231301774
-10.710991540783535
-11.242607053024297
-9.133528233950356
-10.669475049138422
-8.911442993802904
-9.40172797009023
-10.97123278222358
-11.316224154056817
-11.771060823405424
-10.49763517503123
-11.544396339023766
-9.044039783785076
-8.41945148483764
-10.396997315488777
-8.99156344110809
-10.597307229744034
-11.241976307844013
-11.455080818348515
-9.480178254184668
-8.563082313831568
-12.306832103900927
-9.277541469643896
-10.554453331278946
-8.932880682743782
-11.916728891137147
-10.422794970847447
-8.847929319757098
-8.606211499181796
-10.164571752632423
-12.818338040978336
-18.315359691642215
-11.020767312798597
-10.995375171014432
-11.484994506165664
-7.688390142697731
-8.939008269361066
-8.56121865521105
-8.874881940873465
-9.004979277986006
-9.834383212725037
-9.125335143510586
-8.916381971425956
-13.874232925719651
-8.765598184517257
-9.52929622172831
-13.309395318283023
-10.269587924379033
-8.51958323996463
-10.557123095724362
-9.924270271459033
-7.349164304440459
-9.396270454191416
-14.085796871578756
-10.190885745465705
-12.105148853415201
-10.088027550340719
-11.6420371308284
-7.1576782518833
-9.746251883530153
-10.228811105533183
-12.994333714755035
-8.75473785152604
-8.518300089790879
-9.009984739398817
-9.671877004030467
-10.180004233140812
-7.487988929568063
-8.429658950246484
-8.400440798569504
-8.696455332891963
