# log10pgen1mm
-6.355972173774615
-9.650697957276115
-5.943078220370876
-5.259827046614554
-22.809897175718664
-5.732202609330884
-5.425022406962217
-4.544473683121585
-6.108844158154609
-5.45577779234294
-4.5849678919634576
-6.236666739090871
-3.710879793584821
-6.092082801454604
-4.460758037746645
-4.514594409993832
-3.8627354939883527
-5.552737183501004
-5.5649178037241604
-5.4148491499901095
-5.689858597337951
-5.937132706891972
-4.828600822546408
-5.46744540698155
-4.702817664253609
-5.5156546987279915
-4.249075015968704
-4.753331953455984
-4.779283363096796
-5.052051686258798
-7.078986332471949
-6.0463354277527195
-5.1814910819380655
-5.31949145227528
-4.933905502346412
-6.760375301891527
-4.712723543186132
-4.817087650363847
-6.032095475178773
-5.2306891834828635
-6.156340280262731
-4.8096103016191405
-4.300620066568346
-14.523030628689156
-6.865400247305292
-4.549942822981305
-6.283987577760635
-4.660978799952933
-6.075350662242116
-4.848028580597533
-6.197627457350248
-5.336259660277338
-6.702996112411935
-10.065107718754396
-5.968845543826771
-4.294375995746045
-11.240959193757835
-17.83449562836595
-4.945715598750751
-4.981592612873708
-5.072200319205068
-4.635895349403893
-5.579240572776824
-3.7934974856540493
-5.676262348393049
-6.702390085594234
-5.275625577253127
-7.41982436762028
-6.153752281289936
-5.729364614337749
-6.87915660053721
-4.812279101324032
-4.946562246155841
-5.955482826629618
-3.9619904291797297
-5.065575920246508
-6.219122826359544
-4.375048951733236
-4.51336692267799
-5.578909873219452
-4.814614922218117
-4.35548953515019
-6.000358093339356
-7.71146809179162
-3.546637928815451
-6.02757188149827
-8.702693099333533
-6.18142296517624
-8.676379383692584
-4.599894215773854
-3.669456439813796
-6.739283067777755
-6.998210602069439
-5.141702812171948
-5.6182290356099545
-5.014958082966703
-4.450971679232841
-10.306023577577484
-3.9331468594120165
-5.002344684589171
-5.294727113898813
-4.379347200994599
-3.986620282291989
-3.548879963261597
-5.137777283083072
-6.353436993891346
-5.20805108895891
-5.2107380258451945
-4.466050738340282
-7.337400371641565
-3.9076425232509435
-5.963850960435082
-5.325386753053446
-5.601637934385715
-5.466072702035704
-6.941468599675584
-5.539978935219249
-5.1849874913517695
-4.448171639908896
-3.6395785336527133
-3.596922223261521
-6.068461803768998
-7.680520279557557
-5.193393560723631
-3.7878763038622676
-3.6672356735518896
-5.659448458503811
-4.469504778341382
-5.937494674300819
-5.41912117156989
-4.3487602819802555
-5.203710121160101
-5.033048619965858
-6.0101176546377575
-4.426618827450659
-4.692898385008898
-5.547775695265046
-5.882247095841989
-5.438223377402136
-7.692732617595944
-5.053198226004134
-3.8631146900697013
-5.3107152649583655
-5.682869886642494
-7.56365342907755
-4.960030714407606
-4.319270741459133
-4.9754321282599285
-5.6981265197623525
-5.5319928267777305
-3.67671839012618
-4.941999464579029
-3.9669222870238605
-5.264291613920879
-4.820431102992136
-3.558716183671979
-4.051912330361145
-3.9579895427563434
-5.18129308465201
-4.346758407029264
-3.5134489144676975
-5.605338707187382
-3.922972656287252
-3.836993192676244
-7.45220308509586
-7.133959626201829
-5.426288899293861
-5.848187941473754
-5.897535224636492
-5.315965868154686
-7.356037285423791
-4.355861667370834
-8.099512002479193
-5.037703590335105
-4.5015380109589955
-4.548652770395542
-4.123749920334862
-6.482897460192991
-6.15407193985243
-4.348282030622506
-5.279008148747203
-5.349325060751203
-3.7870531315120544
-5.7336307143859
-5.380563598853814
-5.03112603798442
-5.259595978317294
-4.653906238520172
-5.77306022064357
-4.699724538942066
-5.175189846916285
-5.2341440351654525
-6.822371415282118
-4.473720647835548
-4.722871499219932
-5.545760759116978
-3.669557906754311
-5.228790512732
-6.273272722819081
-4.418653689287469
-4.209780203969621
-4.313471675471358
-7.157769165569712
-5.711082169159097
-4.324519546098058
-7.153965037067493
-5.672421572325327
-5.703053747672933
-4.576097140120358
-5.8628167062069485
-7.693099974798809
-4.052088988643515
-5.484569623773016
-5.424505023480092
-5.342210582108233
-5.9105848666568175
-5.8611961327154924
-4.9875122568181895
-6.223689707491557
-6.328191785207698
-4.521413806883933
-4.486065119041415
-8.515616989652623
-3.7173169089309104
-6.414880472734571
-5.29992116679396
-7.109786694002348
-5.201525294954132
-4.785748583145649
-4.4781735301524686
-8.469003657822089
-5.913835321695457
-5.744410557529155
-6.851507451904832
-4.4605482777364776
-4.276247879611959
-4.845149261337786
-7.931816971441464
-8.249600859047858
-5.007260660640755
-5.2951932793120475
-5.263496355278061
-6.045427930481495
-8.632717947516793
-4.761525407511493
-5.697833451541151
-5.989795797817287
-5.7404057143218665
-4.6521765694611625
-19.648164317779134
-5.241658720549169
-3.90612728542245
-6.760567819474304
-5.592739935771756
-3.9186138427976087
-8.675303933545388
-4.544600065173993
-5.857828608234931
-5.147239572406214
-5.020077267304624
-8.052595696258035
-4.823237553833166
-4.308375236123013
-3.8303609005547763
-5.014904621286015
-4.407840591545559
-5.498919710113047
-4.92333394037936
-4.717073747443842
-5.534423500760163
-4.4989211199156935
-3.9143124268825873
-6.802409505316567
-5.144519937288508
-3.7301355788614377
-5.868530303698833
-5.357910101724909
-4.005649394864328
-4.4429170984723
-5.069095869347364
-4.204446306312235
-4.780518213326387
-3.81918058657046
-4.725928260657086
-4.531328923932453
-4.292445766633765
-3.9682414016917575
-4.493524346464544
-5.113366416270419
-5.046162991264568
-4.655957972112396
-4.423785624663439
-4.771887774661536
-6.547515278667223
-4.915088214632994
-6.935900890594678
-4.218859997619766
-7.017944579020663
-3.670973442567128
-5.461266971577826
-4.8438806944211095
-20.06007281853672
-4.337803054068203
-3.749083338618227
-4.728851517882001
-4.156613171970099
-5.54438582751239
-5.161527791334363
-4.600215731390424
-4.5012190501106355
-5.461594134703881
-6.632100286822886
-5.198189549327507
-4.296470003303022
-5.431737381817927
-4.867787482442437
-6.635051709590224
-4.684035901430071
-6.616672997682341
-4.802673411330092
-4.304153391457665
-3.745994315244083
-6.135599866317778
-5.543719511589023
-4.494413895002206
-6.409729840408033
-7.831117820220084
-4.958762117087768
-4.466207495544936
-4.79101772904367
-6.415680158750092
-4.554283965656448
-4.234582894845442
-7.646734071717202
-6.42717792595963
-4.063602414665582
-7.005621339365651
-5.094940309285429
-5.3124966452164095
-3.6823554027829766
-6.2691363557924955
-5.52279928804189
-4.724406241354612
-5.92052205836928
-5.7444393577808714
-5.8833578990085655
-4.342488512702964
-9.567612415617377
-7.829689722878292
-6.091218704550854
-6.836589636317025
-4.8449755510249455
-4.450141107828093
-6.08042286652303
-3.9045863563340824
-5.100182812891376
-4.703355428547261
-6.049601362848784
-5.194408190708107
-7.7006012808483675
-8.93161702023776
-5.228352250742177
-4.385914573111721
-7.955643904321331
-5.686506969607533
-5.5038891401400285
-5.508337704377425
-6.984847042321308
-4.2645697343853675
-5.1703151089347
-4.739458198493715
-6.788465782113963
-4.768004164232397
-4.123412083164879
-4.392549367025654
-5.809561300159771
-3.8863638130487206
-4.870103251645201
-4.708046333402289
-6.939204430333762
-4.856201667652241
-3.7283116910901772
-7.261262858012806
-3.968027283249286
-7.252445827240644
-6.866425126578408
-5.586264382036615
-6.095607704544878
-3.916738386212669
-4.708694513075041
-6.116429243625519
-4.61661452640427
-8.256078273473797
-4.382279828475117
-5.102159600928882
-5.0780078731610585
-3.8515983980995845
-4.577836600306437
-4.472076979551409
-7.677183036129211
-7.101053426577835
-4.692265493976586
-8.187227758700127
-7.062900387396578
-8.782983551861742
-5.789884059278763
-4.383870917813998
-4.601987769245498
-4.74716317857659
-8.109642128945278
-4.853788859758571
-8.142910550714483
-5.757892160127008
-5.645777515707217
-4.446145468981793
-7.309065822125282
-5.086140013340511
-6.843583016027955
-7.027834374448693
-6.368773962927926
-5.990204826173668
-16.25856793995263
-19.84998891530225
-18.099601988615596
-23.407023315039723
-17.156301001158717
-6.07435123470069
-9.699952296733452
-20.48842176466857
-7.2188294663052135
-5.1192496818356155
-4.4377786174352085
-6.542653689981106
-5.393658861989581
-4.892513753566474
-4.211741791145029
-4.559156733223362
-6.822338696139285
-4.926882993006214
-4.5373833163320265
-6.437910650850403
-5.096787671747119
-4.166975551044401
-4.964647851078195
-4.288841982331435
-5.490803684733271
-6.163951646344191
-5.2020795355900304
-5.713492926940569
-6.742951681680338
-5.576150187235491
-3.757760464363302
-4.2263817443737475
-6.035317125768361
-6.3901026310538205
-6.10804145296337
-5.822536605198663
-6.216822681965849
-7.678342366711146
-6.677649157944434
-6.2869373205128225
-3.799211407087497
-4.149539933474141
-5.24208373402604
-6.471991394136124
-3.9014390129943033
-7.349379588744559
-5.45597484967333
-7.151366827937993
-4.937192940302123
-7.529519840015153
-5.235088552379
-3.6240261018832163
-4.671906043105129
-4.054868738289974
-4.8060040908778845
-4.976274695363295
-6.15961285908744
-6.0733013694669715
-5.325950213819257
-4.472753195288771
-8.29880302920305
-4.920420039561167
-4.720015369218822
-4.760768685865076
-4.055442199186472
-4.322335032063927
-4.610449246392345
-5.411166370854408
-5.000898297652456
-5.3459503197014575
-5.530247319681713
-5.7947342114032665
-7.737716491751908
-6.823707645404913
-4.843731553011122
-5.045200845562255
-5.695027092857187
-5.452823777802134
-5.957497268656863
-3.977105152059991
-6.185524419389412
-4.929383738832678
-4.329710920276099
-7.185592231507568
-4.540619737530587
-4.8964681712965765
-4.349690239253838
-5.004834789745083
-4.888819115603905
-6.040695995183096
-6.005399387729579
-7.102113976460856
-5.7835575092211045
-5.799483959829937
-5.002465627509193
-4.065659551292453
-5.264867937874711
-5.6607113648317915
-4.714515609262573
-6.7446832281735665
-4.15305009447963
-4.057665913742438
-7.589089388117738
-5.846858737976035
-3.905932255796741
-4.554760856430669
-7.52115957308213
-5.7852829739987826
-6.715156607643923
-3.445874109374423
-4.645810954329255
-4.05037575066792
-4.788637888029364
-6.358564407636416
-6.040695226616458
-6.870735122519495
-5.972177147768284
-4.763989404986593
-5.034045281153454
-5.752647654665135
-4.85266712691859
-7.996606685053448
-7.667539252378869
-6.830023131331561
-7.2157695730398625
-6.996524006584307
-6.142132059881243
-3.93875047752709
-4.285392881945753
-7.09411234689242
-5.248511842594457
-4.856041966440735
-5.2300786574921165
-5.250667016388081
-7.92549143558389
-4.983297635751566
-5.8620098694678635
-5.534214311425447
-4.819911965122747
-4.220663641588191
-5.76462102581515
-6.31896431421796
-4.571551592536001
-3.46001425379759
-4.867724781681521
-7.489652244595352
-5.172391728946459
-3.5857275080559496
-5.605148588394099
-6.189466592558961
-7.898168532889263
-6.441412961886895
-5.532413536581741
-7.470175375138192
-6.643747068240312
-6.678630923156031
